  1	0.005	-1.0407589e-05  -7.0511712e-04  -1.7521162e-02  -1.9178354e-01  -6.7030367e-01   3.1129101e+00 -25.34	 -5.50
  2	0.025	-1.0454901e-05  -6.0142521e-04  -1.2247608e-02  -1.0170767e-01  -8.5749400e-02   3.8108655e+00 -23.25    -3.44
  3	0.125	-1.1414680e-05  -5.4640880e-04  -8.7889314e-03  -4.9886867e-02   1.5970616e-01   3.6009657e+00 -21.24    -1.32
  4	0.630 	-1.1925411e-05  -4.6160028e-04  -5.5218938e-03  -1.6007175e-02   2.3927403e-01   3.0820661e+00 -19.20     1.03
  5	3.158 	-9.7284512e-06  -2.7679543e-04  -1.7505328e-03   8.5597845e-03   2.5441529e-01   2.5634417e+00 -17.13     2.87
  6	15.832 	-2.5713948e-06  -9.1867123e-05  -7.8362060e-04   7.1015599e-03   2.4972835e-01   2.1892313e+00 -15.07     4.30
  7	79.37 	 5.7664151e-06   5.6282633e-05  -8.1671125e-04   8.7155854e-04   2.5737626e-01   1.7970516e+00 -11.71     5.97
  8	397.9 	 3.2829775e-06   3.4370348e-05  -7.7437388e-04   2.4344396e-03   2.5044539e-01   1.4758706e+00 -9.45      7.33
  9	1994.7 	 2.4797639e-06   2.9970891e-05  -7.8984092e-04   3.4654893e-03   2.4578967e-01   1.3150012e+00 -8.72      8.01
  10	10000.0	 2.4797639e-06   2.9970891e-05  -7.8984092e-04   3.4654893e-03   2.4578967e-01   1.3150012e+00 -8.72      8.01
