  1	0.125	-1.1414680e-05  -5.4640880e-04  -8.7889314e-03  -4.9886867e-02   1.5970616e-01   3.6009657e+00 -21.24    -1.32
  2	0.125	-1.1414680e-05  -5.4640880e-04  -8.7889314e-03  -4.9886867e-02   1.5970616e-01   3.6009657e+00 -21.24    -1.32
  3	0.125	-1.1414680e-05  -5.4640880e-04  -8.7889314e-03  -4.9886867e-02   1.5970616e-01   3.6009657e+00 -21.24    -1.32
  4	0.125	-1.1414680e-05  -5.4640880e-04  -8.7889314e-03  -4.9886867e-02   1.5970616e-01   3.6009657e+00 -21.24    -1.32
  5	0.125	-1.1414680e-05  -5.4640880e-04  -8.7889314e-03  -4.9886867e-02   1.5970616e-01   3.6009657e+00 -21.24    -1.32
  6	0.125	-1.1414680e-05  -5.4640880e-04  -8.7889314e-03  -4.9886867e-02   1.5970616e-01   3.6009657e+00 -21.24    -1.32
  7	0.125	-1.1414680e-05  -5.4640880e-04  -8.7889314e-03  -4.9886867e-02   1.5970616e-01   3.6009657e+00 -21.24    -1.32
  8	0.125	-1.1414680e-05  -5.4640880e-04  -8.7889314e-03  -4.9886867e-02   1.5970616e-01   3.6009657e+00 -21.24    -1.32
  9	0.125	-1.1414680e-05  -5.4640880e-04  -8.7889314e-03  -4.9886867e-02   1.5970616e-01   3.6009657e+00 -21.24    -1.32
  10	0.125	-1.1414680e-05  -5.4640880e-04  -8.7889314e-03  -4.9886867e-02   1.5970616e-01   3.6009657e+00 -21.24    -1.32
