0.100E+02 0.00811 0.03852 0.17130 0.57797 0.95457 0.99724 0.99921 0.99930 0.99931 0.99931
0.107E+02 0.00973 0.04601 0.20139 0.63969 0.96786 0.99772 0.99914 0.99922 0.99923 0.99923
0.115E+02 0.01160 0.05464 0.23482 0.69833 0.97698 0.99801 0.99908 0.99915 0.99916 0.99916
0.123E+02 0.01374 0.06441 0.27112 0.75173 0.98317 0.99819 0.99902 0.99908 0.99909 0.99909
0.132E+02 0.01617 0.07542 0.31015 0.79903 0.98741 0.99829 0.99896 0.99901 0.99902 0.99902
0.141E+02 0.01895 0.08787 0.35202 0.84007 0.99040 0.99838 0.99892 0.99897 0.99898 0.99898
0.152E+02 0.02005 0.09276 0.36782 0.85329 0.99119 0.99835 0.99887 0.99891 0.99892 0.99892
0.163E+02 0.02349 0.10788 0.41445 0.88647 0.99319 0.99850 0.99892 0.99895 0.99896 0.99896
0.174E+02 0.01519 0.07100 0.29469 0.78118 0.98541 0.99775 0.99853 0.99860 0.99861 0.99861
0.187E+02 0.01780 0.08271 0.33490 0.82396 0.98855 0.99763 0.99828 0.99835 0.99836 0.99836
0.200E+02 0.02071 0.09564 0.37686 0.85983 0.99073 0.99756 0.99813 0.99818 0.99819 0.99819
0.215E+02 0.02391 0.10966 0.41961 0.88893 0.99234 0.99760 0.99809 0.99814 0.99814 0.99814
0.230E+02 0.02727 0.12419 0.46112 0.91163 0.99385 0.99800 0.99839 0.99842 0.99842 0.99842
0.247E+02 0.01209 0.05686 0.24311 0.71058 0.97644 0.99580 0.99695 0.99705 0.99707 0.99707
0.264E+02 0.01415 0.06625 0.27762 0.75903 0.98109 0.99530 0.99628 0.99637 0.99639 0.99639
0.283E+02 0.01665 0.07755 0.31726 0.80486 0.98448 0.99487 0.99572 0.99581 0.99582 0.99582
0.304E+02 0.01940 0.08980 0.35794 0.84274 0.98653 0.99439 0.99514 0.99523 0.99524 0.99524
0.326E+02 0.02246 0.10328 0.40009 0.87393 0.98773 0.99384 0.99453 0.99461 0.99462 0.99462
0.349E+02 0.02597 0.11845 0.44442 0.89958 0.98837 0.99324 0.99387 0.99395 0.99396 0.99396
0.374E+02 0.02992 0.13530 0.49000 0.91986 0.98858 0.99258 0.99316 0.99323 0.99324 0.99324
0.401E+02 0.03436 0.15380 0.53594 0.93539 0.98849 0.99186 0.99235 0.99239 0.99239 0.99239
0.430E+02 0.03931 0.17402 0.58152 0.94700 0.98817 0.99109 0.99129 0.99126 0.99126 0.99126
0.461E+02 0.04482 0.19595 0.62597 0.95549 0.98768 0.99025 0.98997 0.98989 0.98987 0.98987
0.494E+02 0.05094 0.21965 0.66867 0.96159 0.98707 0.98936 0.98842 0.98827 0.98825 0.98825
0.529E+02 0.05772 0.24510 0.70897 0.96589 0.98637 0.98841 0.98662 0.98641 0.98637 0.98637
0.567E+02 0.06528 0.27247 0.74657 0.96891 0.98561 0.98742 0.98458 0.98431 0.98426 0.98426
0.608E+02 0.07360 0.30147 0.78072 0.97098 0.98482 0.98641 0.98236 0.98200 0.98195 0.98195
0.652E+02 0.08256 0.33136 0.81058 0.97238 0.98404 0.98541 0.97998 0.97955 0.97949 0.97949
0.699E+02 0.09246 0.36288 0.83716 0.97352 0.98337 0.98451 0.97761 0.97711 0.97704 0.97704
0.749E+02 0.09486 0.36989 0.84178 0.97284 0.98242 0.98351 0.97552 0.97496 0.97488 0.97488
0.803E+02 0.10565 0.40185 0.86259 0.97256 0.98077 0.98167 0.97141 0.97077 0.97068 0.97068
0.860E+02 0.11726 0.43446 0.88056 0.97279 0.97969 0.98036 0.96803 0.96731 0.96721 0.96721
0.922E+02 0.12945 0.46679 0.89558 0.97318 0.97884 0.97926 0.96499 0.96417 0.96406 0.96406
0.988E+02 0.14217 0.49871 0.90892 0.97444 0.97877 0.97886 0.96335 0.96246 0.96234 0.96234
0.106E+03 0.15437 0.52917 0.92450 0.98019 0.98240 0.98182 0.96936 0.96841 0.96828 0.96828
0.114E+03 0.13135 0.46903 0.89320 0.96951 0.97503 0.97534 0.95652 0.95548 0.95533 0.95533
0.122E+03 0.14327 0.49724 0.90233 0.96770 0.97226 0.97240 0.97232 0.94873 0.94856 0.94856
0.130E+03 0.14908 0.50997 0.90577 0.96668 0.97066 0.97066 0.97054 0.94454 0.94436 0.94436
0.140E+03 0.15327 0.51775 0.90512 0.96317 0.96702 0.96701 0.96690 0.93663 0.93644 0.93644
0.150E+03 0.16456 0.54130 0.90997 0.96069 0.96368 0.96351 0.96336 0.92846 0.92825 0.92825
0.161E+03 0.17586 0.56389 0.91425 0.95856 0.96065 0.96028 0.96008 0.92074 0.92051 0.92051
0.172E+03 0.18766 0.58638 0.91828 0.95660 0.95771 0.95712 0.95686 0.91310 0.91286 0.91286
0.185E+03 0.20071 0.61109 0.92423 0.95631 0.95610 0.95518 0.95485 0.90825 0.90798 0.90798
0.198E+03 0.19643 0.60109 0.91811 0.95196 0.95204 0.95118 0.95086 0.89917 0.89889 0.89889
0.212E+03 0.20882 0.62090 0.91788 0.94663 0.94597 0.94499 0.94465 0.88478 0.88447 0.88447
0.227E+03 0.22229 0.64281 0.92041 0.94363 0.94185 0.94056 0.93970 0.87438 0.87405 0.87405
0.244E+03 0.23356 0.65802 0.91802 0.93722 0.93479 0.93130 0.92715 0.85762 0.85727 0.85727
0.261E+03 0.25253 0.68556 0.92076 0.93322 0.92936 0.92165 0.91568 0.84425 0.84388 0.84388
0.280E+03 0.27176 0.71225 0.92400 0.92977 0.92436 0.91223 0.90483 0.83239 0.83199 0.83199
0.300E+03 0.29113 0.73825 0.92739 0.92648 0.91941 0.90306 0.89440 0.82150 0.82108 0.82108
0.322E+03 0.31040 0.76327 0.93076 0.92317 0.91433 0.89447 0.88439 0.81137 0.81091 0.81091
0.345E+03 0.32933 0.78704 0.93396 0.91966 0.90913 0.88541 0.87463 0.80173 0.80125 0.80125
0.370E+03 0.34761 0.80937 0.93667 0.91568 0.90341 0.87662 0.86460 0.79202 0.79151 0.79151
0.396E+03 0.36542 0.83066 0.93862 0.91096 0.89704 0.86696 0.85365 0.78153 0.78098 0.78098
0.425E+03 0.38254 0.85043 0.93919 0.90496 0.88928 0.85477 0.84041 0.76888 0.76830 0.76830
0.455E+03 0.39939 0.86826 0.93733 0.89675 0.87906 0.83815 0.82243 0.75174 0.75112 0.75112
0.488E+03 0.41712 0.88358 0.93144 0.88473 0.86426 0.81371 0.79610 0.72654 0.72589 0.72589
0.523E+03 0.43838 0.89530 0.91818 0.86558 0.83900 0.77303 0.75429 0.75176 0.68617 0.68617
0.561E+03 0.46900 0.90146 0.89092 0.83234 0.78519 0.70641 0.68566 0.68302 0.62196 0.62196
0.601E+03 0.61565 0.94353 0.82386 0.74747 0.67913 0.59808 0.57844 0.57592 0.52430 0.52430
0.644E+03 1.00407 1.19019 0.87457 0.74750 0.71403 0.70613 0.70419 0.70393 0.70389 0.70389
0.691E+03 1.15821 1.37238 0.95046 0.78381 0.73931 0.72867 0.72604 0.72568 0.72563 0.72563
0.740E+03 1.12287 1.48485 1.00928 0.81345 0.75944 0.74630 0.74301 0.74256 0.74249 0.74249
0.793E+03 0.96385 1.55864 1.06345 0.84560 0.78285 0.76717 0.76318 0.76262 0.76254 0.76254
0.850E+03 0.80244 1.58956 1.10368 0.87139 0.80230 0.78464 0.78008 0.77943 0.77934 0.77934
0.912E+03 0.74579 1.61638 1.11993 0.87318 0.79871 0.77951 0.77454 0.77383 0.77372 0.77372
0.977E+03 0.61339 1.63206 1.14776 0.88563 0.80397 0.78234 0.77664 0.77582 0.77569 0.77569
0.105E+04 0.48450 1.62360 1.17684 0.90227 0.81484 0.79106 0.78468 0.78375 0.78361 0.78361
0.112E+04 0.38900 1.61740 1.20310 0.91610 0.82357 0.79789 0.79089 0.78986 0.78970 0.78970
0.120E+04 0.31115 1.61767 1.22500 0.92520 0.82773 0.80016 0.79253 0.79139 0.79121 0.79121
0.129E+04 0.22570 1.59347 1.24687 0.93403 0.83229 0.80291 0.79460 0.79334 0.79315 0.79315
0.138E+04 0.14500 1.37763 1.28555 0.95307 0.84703 0.81624 0.80741 0.80606 0.80585 0.80585
0.148E+04 0.09525 0.93944 1.33796 0.97817 0.86602 0.83371 0.82443 0.82300 0.82278 0.82278
0.159E+04 0.06969 0.64244 1.37650 0.99713 0.87813 0.84401 0.83420 0.83269 0.83245 0.83245
0.170E+04 0.04871 0.41877 1.41089 1.01491 0.88850 0.85241 0.84202 0.84042 0.84017 0.84017
0.183E+04 0.03265 0.26206 1.35059 1.03238 0.89799 0.85975 0.84874 0.84704 0.84677 0.84677
0.196E+04 0.02006 0.15086 1.14254 1.04707 0.90744 0.86684 0.85516 0.85335 0.85307 0.85307
0.210E+04 0.01138 0.08033 0.91388 1.02780 0.91745 0.87426 0.86183 0.85991 0.85961 0.85961
0.225E+04 0.00630 0.04196 0.47003 0.90551 0.92728 0.88157 0.86833 0.86628 0.86596 0.86596
0.241E+04 0.00604 0.03837 0.54461 0.89797 0.93585 0.88736 0.87324 0.87104 0.87070 0.87070
0.258E+04 0.00582 0.03555 0.41184 0.88822 0.94289 0.89157 0.87653 0.87419 0.87382 0.87382
0.277E+04 0.00555 0.03286 0.37412 0.90106 0.94915 0.89500 0.87899 0.87649 0.87610 0.87610
0.297E+04 0.00526 0.03034 0.40932 0.85743 0.95495 0.89802 0.88098 0.87831 0.87789 0.87789
0.318E+04 0.00498 0.02804 0.37603 0.84161 0.96035 0.90074 0.88260 0.87976 0.87931 0.87931
0.341E+04 0.00470 0.02593 0.29562 0.84260 0.96535 0.90325 0.88397 0.88093 0.88046 0.88046
0.365E+04 0.00442 0.02398 0.25921 0.83712 0.97001 0.90565 0.88514 0.88191 0.88140 0.88140
0.392E+04 0.00416 0.02222 0.25888 0.83718 0.97440 0.90794 0.88614 0.88269 0.88215 0.88215
0.420E+04 0.00390 0.02058 0.26339 0.83157 0.97798 0.91021 0.88705 0.88337 0.88279 0.88279
0.450E+04 0.00365 0.01906 0.24618 0.79984 0.98124 0.91243 0.88782 0.88391 0.88329 0.88329
0.482E+04 0.00342 0.01768 0.21087 0.83679 0.98416 0.91467 0.88854 0.88436 0.88371 0.88371
0.517E+04 0.00320 0.01641 0.17547 0.77592 0.98530 0.91693 0.88919 0.88474 0.88404 0.88404
0.554E+04 0.00300 0.01525 0.14785 0.76020 0.98610 0.91925 0.88980 0.88506 0.88431 0.88431
0.594E+04 0.00281 0.01418 0.12739 0.80789 0.98611 0.92164 0.89038 0.88534 0.88454 0.88454
0.637E+04 0.00263 0.01320 0.11173 0.71924 0.98719 0.92413 0.89096 0.88559 0.88473 0.88473
0.683E+04 0.00246 0.01230 0.09913 0.72540 0.98324 0.92671 0.89152 0.88580 0.88489 0.88489
0.732E+04 0.00231 0.01147 0.08853 0.65441 0.98575 0.92942 0.89209 0.88600 0.88503 0.88503
0.784E+04 0.00216 0.01071 0.07934 0.70025 0.98184 0.93225 0.89267 0.88619 0.88515 0.88515
0.841E+04 0.00202 0.01000 0.07127 0.57005 0.97633 0.93521 0.89324 0.88635 0.88524 0.88524
0.901E+04 0.00189 0.00933 0.06415 0.64289 0.97116 0.93832 0.89384 0.88650 0.88532 0.88532
0.966E+04 0.00177 0.00872 0.05786 0.53479 0.96573 0.94160 0.89448 0.88667 0.88541 0.88541
0.104E+05 0.00166 0.00815 0.05234 0.50035 0.95029 0.94505 0.89514 0.88684 0.88550 0.88550
0.111E+05 0.00156 0.00762 0.04750 0.54031 0.95655 0.94865 0.89584 0.88701 0.88558 0.88558
0.119E+05 0.00146 0.00713 0.04322 0.45280 0.92990 0.95241 0.89659 0.88719 0.88566 0.88566
0.128E+05 0.00137 0.00668 0.03949 0.39986 0.92951 0.95633 0.89738 0.88738 0.88576 0.88576
0.137E+05 0.00129 0.00628 0.03629 0.41901 0.93107 0.96043 0.89825 0.88762 0.88589 0.88589
0.146E+05 0.00121 0.00591 0.03345 0.41882 0.90538 0.96467 0.89916 0.88786 0.88602 0.88602
0.157E+05 0.00115 0.00557 0.03092 0.35248 0.88636 0.96900 0.90015 0.88813 0.88617 0.88617
0.168E+05 0.00108 0.00524 0.02862 0.29799 0.87968 0.97342 0.90119 0.88842 0.88633 0.88633
0.180E+05 0.00102 0.00495 0.02661 0.28339 0.87668 0.97798 0.90236 0.88878 0.88656 0.88656
0.193E+05 0.00097 0.00469 0.02487 0.29031 0.87505 0.98262 0.90362 0.88920 0.88683 0.88683
0.207E+05 0.00092 0.00444 0.02332 0.28909 0.86757 0.98743 0.90498 0.88966 0.88713 0.88713
0.222E+05 0.00087 0.00422 0.02191 0.26416 0.87993 0.99217 0.90643 0.89015 0.88745 0.88745
0.238E+05 0.00083 0.00402 0.02066 0.22746 0.86592 0.99680 0.90805 0.89074 0.88787 0.88787
0.255E+05 0.00079 0.00382 0.01952 0.19429 0.90142 1.00186 0.90977 0.89139 0.88834 0.88834
0.274E+05 0.00075 0.00365 0.01851 0.16914 0.86795 1.00691 0.91168 0.89215 0.88889 0.88889
0.293E+05 0.00072 0.00349 0.01760 0.15037 0.81581 1.01150 0.91375 0.89300 0.88954 0.88954
0.314E+05 0.00069 0.00335 0.01679 0.13592 0.88532 1.01720 0.91600 0.89396 0.89027 0.89027
0.337E+05 0.00067 0.00323 0.01611 0.12438 0.77017 1.02393 0.91847 0.89506 0.89113 0.89113
0.361E+05 0.00064 0.00310 0.01537 0.11372 0.85192 1.02942 0.92119 0.89632 0.89214 0.89214
0.387E+05 0.00061 0.00297 0.01468 0.10421 0.73341 1.03211 0.92425 0.89782 0.89336 0.89336
0.415E+05 0.00059 0.00285 0.01403 0.09575 0.75186 1.03661 0.92767 0.89958 0.89484 0.89484
0.445E+05 0.00056 0.00272 0.01338 0.08790 0.71992 1.04216 0.93155 0.90168 0.89663 0.89663
0.477E+05 0.00054 0.00262 0.01285 0.08140 0.64144 1.05096 0.93604 0.90427 0.89888 0.89888
0.511E+05 0.00053 0.00255 0.01249 0.07639 0.66620 1.05909 0.94123 0.90740 0.90165 0.90165
0.548E+05 0.00052 0.00253 0.01237 0.07316 0.59948 1.06049 0.94728 0.91122 0.90508 0.90508
0.587E+05 0.00053 0.00257 0.01252 0.07176 0.56908 1.07556 0.95441 0.91592 0.90936 0.90936
0.629E+05 0.00055 0.00264 0.01285 0.07155 0.57305 1.10081 0.96300 0.92184 0.91480 0.91480
0.675E+05 0.00055 0.00266 0.01292 0.06989 0.51286 1.12386 0.97420 0.92996 0.92238 0.92238
0.723E+05 0.00058 0.00279 0.01353 0.07091 0.46027 1.14111 0.99149 0.94336 0.93508 0.93508
0.775E+05 0.00109 0.00526 0.02546 0.12780 0.61846 1.16771 1.01394 0.96331 0.95438 0.95438
0.831E+05 0.00306 0.01478 0.07147 0.34514 1.03743 1.12520 0.96609 0.92722 0.92032 0.92032
0.891E+05 0.00530 0.02562 0.12381 0.58978 1.29792 1.09443 0.90063 0.86167 0.85507 0.85507
0.955E+05 0.00711 0.03435 0.16635 0.81998 1.55425 1.09606 0.84624 0.79892 0.79104 0.79104
0.102E+06 0.00605 0.02924 0.14181 0.72734 1.63549 1.11810 0.83950 0.78439 0.77503 0.77503
0.110E+06 0.00441 0.02129 0.10330 0.54365 1.64269 1.13785 0.84517 0.78399 0.77322 0.77322
0.118E+06 0.00322 0.01555 0.07546 0.39931 1.63086 1.16049 0.85767 0.79276 0.78101 0.78101
0.126E+06 0.00229 0.01104 0.05355 0.28217 1.62677 1.19178 0.87606 0.80831 0.79583 0.79583
0.135E+06 0.00164 0.00794 0.03849 0.20000 1.55969 1.23966 0.90303 0.83218 0.81912 0.81912
0.145E+06 0.00149 0.00722 0.03495 0.17794 1.30775 1.29967 0.93571 0.86044 0.84674 0.84674
0.155E+06 0.00180 0.00869 0.04203 0.21122 1.28103 1.32235 0.94596 0.86652 0.85213 0.85213
0.166E+06 0.00219 0.01057 0.05114 0.25531 1.38043 1.32037 0.93674 0.85334 0.83826 0.83826
0.178E+06 0.00246 0.01188 0.05749 0.28664 1.51052 1.31496 0.91484 0.82631 0.81024 0.81024
0.191E+06 0.00240 0.01158 0.05600 0.27974 1.58658 1.31075 0.89330 0.79852 0.78103 0.78103
0.205E+06 0.00205 0.00992 0.04800 0.24005 1.54193 1.31268 0.88443 0.78415 0.76517 0.76517
0.220E+06 0.00176 0.00851 0.04119 0.20578 1.43791 1.32402 0.88232 0.77721 0.75687 0.75687
0.235E+06 0.00151 0.00728 0.03522 0.17565 1.29920 1.33863 0.88274 0.77315 0.75153 0.75153
0.252E+06 0.00130 0.00627 0.03034 0.15105 1.15202 1.34909 0.88365 0.76971 0.74682 0.74682
0.270E+06 0.00112 0.00539 0.02608 0.12957 0.99939 1.36453 0.88647 0.76829 0.74418 0.74418
0.290E+06 0.00096 0.00466 0.02252 0.11163 0.85894 1.38711 0.88906 0.76665 0.74133 0.74133
0.311E+06 0.00083 0.00402 0.01946 0.09628 0.73154 1.41014 0.89226 0.76560 0.73906 0.73906
0.333E+06 0.00072 0.00349 0.01685 0.08320 0.61922 1.42676 0.89642 0.76538 0.73764 0.73764
0.357E+06 0.00063 0.00304 0.01470 0.07245 0.52482 1.44228 0.90148 0.76576 0.73680 0.73680
0.383E+06 0.00055 0.00266 0.01284 0.06316 0.44476 1.46712 0.90667 0.76615 0.73593 0.73593
0.410E+06 0.00048 0.00231 0.01115 0.05474 0.37550 1.50421 0.91107 0.76582 0.73438 0.73438
0.440E+06 0.00041 0.00200 0.00964 0.04728 0.31578 1.54928 0.91638 0.76620 0.73352 0.73352
0.471E+06 0.00036 0.00172 0.00833 0.04081 0.26526 1.58759 0.92259 0.76718 0.73324 0.73324
0.505E+06 0.00031 0.00149 0.00720 0.03520 0.22285 1.60663 0.92955 0.76858 0.73334 0.73334
0.542E+06 0.00027 0.00128 0.00621 0.03033 0.18717 1.61177 0.93724 0.77034 0.73378 0.73378
0.581E+06 0.00023 0.00111 0.00536 0.02612 0.15735 1.62733 0.94585 0.77259 0.73464 0.73464
0.622E+06 0.00020 0.00095 0.00461 0.02248 0.13236 1.66462 0.95526 0.77521 0.73582 0.73582
0.667E+06 0.00017 0.00082 0.00398 0.01935 0.11154 1.70534 0.96565 0.77827 0.73736 0.73736
0.715E+06 0.00015 0.00071 0.00343 0.01667 0.09420 1.73536 0.97710 0.78175 0.73923 0.73923
0.766E+06 0.00013 0.00061 0.00296 0.01436 0.07971 1.76875 0.98925 0.78553 0.74131 0.74131
0.821E+06 0.00011 0.00053 0.00255 0.01238 0.06762 1.83202 1.00253 0.78968 0.74364 0.74364
0.880E+06 0.00009 0.00046 0.00220 0.01068 0.05750 1.92483 1.01662 0.79416 0.74621 0.74621
0.944E+06 0.00008 0.00039 0.00190 0.00923 0.04902 1.92486 1.03185 0.79897 0.74899 0.74899
0.101E+07 0.00007 0.00034 0.00165 0.00798 0.04189 1.64759 1.04784 0.80416 0.75203 0.75203
0.108E+07 0.00006 0.00029 0.00142 0.00690 0.03585 1.19714 1.06506 0.80959 0.75518 0.75518
0.116E+07 0.00005 0.00026 0.00123 0.00597 0.03075 0.80908 1.08346 0.81536 0.75853 0.75853
0.125E+07 0.00005 0.00022 0.00107 0.00517 0.02642 0.54762 1.10351 0.82147 0.76209 0.76209
0.134E+07 0.00004 0.00019 0.00093 0.00448 0.02273 0.38154 1.12226 0.82793 0.76585 0.76585
0.143E+07 0.00003 0.00017 0.00080 0.00389 0.01959 0.27474 1.13868 0.83474 0.76981 0.76981
0.153E+07 0.00003 0.00014 0.00070 0.00337 0.01690 0.20376 1.15524 0.84191 0.77396 0.77396
0.164E+07 0.00003 0.00013 0.00060 0.00292 0.01459 0.15492 1.17546 0.84947 0.77833 0.77833
0.176E+07 0.00002 0.00011 0.00052 0.00254 0.01261 0.12022 1.20996 0.85744 0.78292 0.78292
0.189E+07 0.00002 0.00009 0.00046 0.00220 0.01091 0.09490 1.22389 0.86584 0.78776 0.78776
0.203E+07 0.00002 0.00008 0.00040 0.00191 0.00945 0.07597 1.24418 0.87470 0.79284 0.79284
0.217E+07 0.00001 0.00007 0.00034 0.00166 0.00819 0.06153 1.26762 0.88401 0.79818 0.79818
0.233E+07 0.00001 0.00006 0.00030 0.00145 0.00710 0.05034 1.19844 0.89380 0.80378 0.80378
0.249E+07 0.00001 0.00005 0.00026 0.00126 0.00616 0.04152 1.13005 0.90409 0.80967 0.80967
0.267E+07 0.00001 0.00005 0.00023 0.00109 0.00534 0.03450 1.23994 0.91470 0.81585 0.81585
0.287E+07 0.00001 0.00004 0.00020 0.00095 0.00464 0.02884 1.09569 0.92599 0.82234 0.82234
0.307E+07 0.00001 0.00004 0.00017 0.00083 0.00403 0.02423 1.05093 0.93705 0.82917 0.82917
0.329E+07 0.00001 0.00003 0.00015 0.00072 0.00350 0.02046 1.11346 0.94710 0.83638 0.83638
0.353E+07 0.00001 0.00003 0.00013 0.00062 0.00304 0.01735 1.40195 0.96050 0.84395 0.84395
0.378E+07 0.00000 0.00002 0.00011 0.00054 0.00264 0.01475 1.44474 0.96522 0.85177 0.85177
0.406E+07 0.00000 0.00002 0.00010 0.00047 0.00230 0.01258 0.83633 0.96273 0.85988 0.85988
0.435E+07 0.00000 0.00002 0.00009 0.00041 0.00200 0.01076 1.09003 0.96244 0.86798 0.86798
0.466E+07 0.00000 0.00002 0.00007 0.00036 0.00174 0.00922 2.08074 0.96174 0.87575 0.87575
0.499E+07 0.00000 0.00001 0.00006 0.00031 0.00151 0.00792 1.02428 0.95654 0.88319 0.88319
0.535E+07 0.00000 0.00001 0.00006 0.00027 0.00131 0.00682 0.64703 0.95509 0.88880 0.88880
0.574E+07 0.00000 0.00001 0.00005 0.00024 0.00114 0.00587 0.55510 0.98714 0.89365 0.89365
0.615E+07 0.00000 0.00001 0.00004 0.00021 0.00099 0.00507 0.76988 0.95320 0.89304 0.89304
0.659E+07 0.00000 0.00001 0.00004 0.00018 0.00086 0.00438 1.58205 0.90293 0.89825 0.89825
0.707E+07 0.00000 0.00001 0.00003 0.00016 0.00075 0.00378 1.17414 0.92093 0.88304 0.88304
0.758E+07 0.00000 0.00001 0.00003 0.00014 0.00065 0.00327 0.41771 0.77646 0.86772 0.86772
0.812E+07 0.00000 0.00001 0.00002 0.00012 0.00057 0.00284 0.18915 0.80729 0.88323 0.88323
0.870E+07 0.00000 0.00000 0.00002 0.00010 0.00049 0.00246 0.10510 0.89000 0.86827 0.86827
0.933E+07 0.00000 0.00000 0.00002 0.00009 0.00043 0.00213 0.06612 0.79070 0.86331 0.86331
0.100E+08 0.00000 0.00000 0.00002 0.00008 0.00037 0.00185 0.04498 0.65099 0.83964 0.83964
