   1.000E-90
   1.000E-90
   1.000E-90
   1.000E-90
   1.000E-90
   1.000E-90
   1.000E-90
   1.000E-90
   1.000E-90
   1.000E-90
   1.000E-90
   1.000E-90
   1.000E-90
   1.000E-90
   1.000E-90
   1.000E-90
   1.000E-90
   1.000E-90
   1.000E-90
   1.000E-90
   1.000E-90
   1.000E-90
   1.000E-90
   1.000E-90
   1.000E-90
   1.000E-90
   1.000E-90
   1.000E-90
   1.000E-90
   1.000E-90
   1.000E-90
   1.000E-90
   1.000E-90
   1.000E-90
   1.000E-90
   1.000E-90
   1.000E-90
   1.000E-90
   1.000E-90
   1.000E-90
   1.000E-90
   1.000E-90
   1.000E-90
   1.000E-90
   1.000E-90
   1.000E-90
   1.000E-90
   1.000E-90
   1.000E-90
   1.000E-90
   1.000E-90
   1.000E-90
   1.000E-90
   1.000E-90
   1.000E-90
   1.000E-90
   1.000E-90
   1.000E-90
   1.000E-90
   1.000E-90
   1.000E-90
   1.000E-90
   1.000E-90
   1.000E-90
   1.000E-90
   1.000E-90
   1.000E-90
   1.000E-90
   1.000E-90
   1.000E-90
   1.000E-90
   1.000E-90
   1.000E-90
   1.000E-90
   1.000E-90
   1.000E-90
   1.000E-90
   1.000E-90
   1.000E-90
   1.000E-90
   1.000E-90
   1.000E-90
   1.000E-90
   1.000E-90
   1.000E-90
   1.000E-90
   1.000E-90
   1.000E-90
   1.000E-90
   1.000E-90
   1.000E-90
   1.000E-90
   1.000E-90
   1.000E-90
   1.000E-90
   1.000E-90
   1.000E-90
   1.000E-90
   1.000E-90
   1.000E-90
   1.000E-90
   1.000E-90
   1.000E-90
   1.000E-90
   1.000E-90
   1.000E-90
   1.000E-90
   1.000E-90
   1.000E-90
   1.000E-90
   1.000E-90
   1.000E-90
   1.000E-90
   1.000E-90
   1.000E-90
   1.000E-90
   1.000E-90
   5.284E-14
   6.874E-14
   1.047E-13
   1.031E-13
   1.825E-13
   3.052E-13
   4.792E-13
   4.850E-13
   7.781E-13
   1.046E-12
   1.448E-12
   1.938E-12
   4.919E-12
   5.992E-12
   6.925E-12
   7.525E-12
   8.405E-12
   8.661E-12
   8.925E-12
   9.080E-12
   1.384E-11
   8.267E-12
   8.407E-12
   1.379E-11
   8.681E-12
   8.694E-12
   8.690E-12
   8.708E-12
   8.681E-12
   1.276E-11
   8.150E-12
   8.117E-12
   7.569E-12
   7.503E-12
   1.157E-11
   7.021E-12
   6.964E-12
   6.900E-12
   1.042E-11
   6.445E-12
   6.374E-12
   6.289E-12
   6.445E-12
   6.077E-12
   6.206E-12
   5.887E-12
   5.787E-12
   5.563E-12
   5.456E-12
   5.305E-12
   5.333E-12
   5.294E-12
   5.143E-12
   5.001E-12
   4.899E-12
   4.751E-12
   4.705E-12
   4.563E-12
   4.315E-12
   4.261E-12
   4.158E-12
   4.010E-12
   4.008E-12
   3.898E-12
   3.807E-12
   3.712E-12
   4.412E-12
   3.629E-12
   3.512E-12
   3.414E-12
   3.317E-12
   3.277E-12
   3.321E-12
   3.258E-12
   3.153E-12
   3.148E-12
   2.773E-12
   2.733E-12
   2.724E-12
   2.795E-12
   2.560E-12
   2.504E-12
   2.265E-12
   2.232E-12
   2.210E-12
   2.162E-12
   2.112E-12
   2.051E-12
   1.983E-12
   1.823E-12
   1.793E-12
   1.764E-12
   1.735E-12
   1.710E-12
   1.690E-12
   1.664E-12
   1.590E-12
   1.527E-12
   1.506E-12
   1.490E-12
   1.403E-12
   1.376E-12
   1.429E-12
   1.329E-12
   1.383E-12
   1.289E-12
   1.231E-12
   1.210E-12
   1.190E-12
   1.227E-12
   1.142E-12
   1.119E-12
   1.098E-12
   1.077E-12
   1.057E-12
   1.038E-12
   1.002E-12
   9.835E-13
   9.659E-13
   9.479E-13
   9.252E-13
   9.063E-13
   8.880E-13
   8.703E-13
   8.530E-13
   8.369E-13
   8.084E-13
   7.951E-13
   7.796E-13
   7.644E-13
   7.499E-13
   7.309E-13
   7.154E-13
   7.005E-13
   6.860E-13
   6.717E-13
   6.506E-13
   6.391E-13
   6.258E-13
   6.128E-13
   6.000E-13
   5.854E-13
   5.720E-13
   5.590E-13
   5.463E-13
   5.340E-13
   5.175E-13
   5.071E-13
   4.955E-13
   4.841E-13
   4.730E-13
   4.620E-13
   4.514E-13
   4.390E-13
   4.279E-13
   4.171E-13
   4.065E-13
   3.933E-13
   3.843E-13
   3.745E-13
   3.648E-13
   3.553E-13
   3.461E-13
   3.361E-13
   3.268E-13
   3.175E-13
   3.085E-13
   2.978E-13
   2.892E-13
   2.816E-13
   2.734E-13
   2.654E-13
   2.575E-13
   2.498E-13
   2.418E-13
   2.343E-13
   2.268E-13
   2.189E-13
   2.113E-13
   2.049E-13
   1.983E-13
   1.918E-13
   1.855E-13
   1.794E-13
   1.731E-13
   1.672E-13
   1.614E-13
   1.557E-13
   1.607E-13
   1.441E-13
   1.393E-13
   1.344E-13
   1.296E-13
   1.250E-13
   1.205E-13
   1.159E-13
   1.116E-13
   1.074E-13
   1.034E-13
   9.891E-14
   9.511E-14
   9.176E-14
   8.831E-14
   8.496E-14
   8.174E-14
   7.863E-14
   7.542E-14
   7.247E-14
   6.957E-14
   6.682E-14
   6.372E-14
   6.117E-14
   5.890E-14
   5.658E-14
   5.433E-14
   5.217E-14
   5.463E-14
   4.793E-14
   4.597E-14
   4.404E-14
   4.222E-14
   4.054E-14
   3.845E-14
   3.685E-14
   3.545E-14
   3.398E-14
   3.258E-14
   3.113E-14
   2.981E-14
   2.853E-14
   2.731E-14
   2.613E-14
   2.501E-14
   2.364E-14
   2.262E-14
   2.174E-14
   2.081E-14
   2.229E-14
   1.897E-14
   1.813E-14
   1.732E-14
   1.655E-14
   1.581E-14
   1.507E-14
   1.442E-14
   1.356E-14
   1.301E-14
   1.243E-14
   1.330E-14
   1.128E-14
   1.076E-14
   1.026E-14
   9.777E-15
   9.321E-15
   8.868E-15
   8.447E-15
   7.907E-15
   7.533E-15
   7.231E-15
   8.141E-15
   6.525E-15
   6.207E-15
   5.909E-15
   5.620E-15
   5.349E-15
   5.074E-15
   4.825E-15
   5.510E-15
   5.235E-15
   4.002E-15
   4.840E-15
   3.660E-15
   3.477E-15
   3.299E-15
   3.133E-15
   3.211E-15
   2.813E-15
   3.326E-15
   3.235E-15
   2.360E-15
   2.244E-15
   2.051E-15
   1.985E-15
   1.880E-15
   1.782E-15
   1.689E-15
   1.998E-15
   1.510E-15
   1.900E-15
   1.326E-15
   1.250E-15
   1.185E-15
   1.119E-15
   1.006E-15
   9.500E-16
   9.278E-16
   8.918E-16
   8.322E-16
   8.118E-16
   7.096E-16
   6.776E-16
   6.363E-16
   5.996E-16
   5.693E-16
   5.370E-16
   4.709E-16
   4.443E-16
   4.398E-16
   4.261E-16
   3.824E-16
   3.616E-16
   3.355E-16
   3.155E-16
   3.006E-16
   2.838E-16
   2.684E-16
   2.546E-16
   2.130E-16
   2.016E-16
   1.965E-16
   1.852E-16
   1.744E-16
   1.625E-16
   1.535E-16
   1.479E-16
   1.404E-16
   1.338E-16
   1.252E-16
   1.133E-16
   1.076E-16
   9.513E-17
   9.168E-17
   8.337E-17
   7.948E-17
   7.558E-17
   7.401E-17
   7.165E-17
   6.900E-17
   2.517E-16
   2.361E-16
   2.127E-16
   5.017E-17
   2.318E-16
   2.185E-16
   2.102E-16
   1.956E-16
   3.982E-17
   3.929E-17
   1.062E-16
   2.074E-16
   2.008E-16
   1.949E-16
   1.850E-16
   1.762E-16
   1.681E-16
   1.913E-16
   1.853E-16
   1.798E-16
   1.739E-16
   1.674E-16
   1.858E-16
   1.742E-16
   1.729E-16
   1.711E-16
   1.682E-16
   1.649E-16
   1.661E-16
   1.598E-16
   1.561E-16
   1.661E-16
   1.654E-16
   1.639E-16
   1.622E-16
   1.661E-16
   1.638E-16
   1.575E-16
   1.623E-16
   1.585E-16
   1.591E-16
   1.597E-16
   1.651E-16
   1.617E-16
   1.673E-16
   1.693E-16
   1.663E-16
   1.643E-16
   1.716E-16
   1.751E-16
   1.773E-16
   1.810E-16
   1.846E-16
   1.875E-16
   1.834E-16
   1.942E-16
   1.908E-16
   2.023E-16
   2.109E-16
   2.196E-16
   2.285E-16
   2.106E-16
   2.232E-16
   2.294E-16
   2.407E-16
   2.486E-16
   2.642E-16
   2.780E-16
   2.901E-16
   3.056E-16
   3.227E-16
   3.428E-16
   3.627E-16
   3.682E-16
   3.931E-16
   4.113E-16
   4.097E-16
   4.533E-16
   4.576E-16
   4.997E-16
   4.380E-16
   4.565E-16
   5.748E-16
   5.063E-16
   5.212E-16
   5.680E-16
   5.922E-16
   6.301E-16
   6.600E-16
   7.086E-16
   7.044E-16
   7.812E-16
   7.948E-16
   8.457E-16
   8.931E-16
   8.974E-16
   9.657E-16
   1.026E-15
   1.022E-15
   1.090E-15
   1.500E-15
   1.121E-15
   1.352E-15
   1.196E-15
   1.579E-15
   1.370E-15
   1.471E-15
   1.804E-15
   1.312E-15
   1.500E-15
   1.850E-15
   1.918E-15
   1.516E-15
   1.502E-15
   1.773E-15
   1.250E-15
   1.778E-15
   1.134E-15
   1.266E-15
   1.952E-15
   1.033E-15
   1.393E-15
   1.500E-15
   1.444E-15
   1.349E-15
   1.919E-15
   1.949E-15
   1.294E-15
   1.549E-15
   1.615E-15
   1.667E-15
   1.381E-15
   1.537E-15
   1.864E-15
   1.292E-15
   1.989E-15
   1.514E-15
   1.574E-15
   1.793E-15
   1.054E-15
   1.718E-15
   1.269E-15
   1.375E-15
   1.127E-15
   1.054E-15
   1.816E-15
   1.578E-15
   1.115E-15
   1.677E-15
   1.537E-15
   2.109E-15
   2.689E-15
   3.228E-15
   2.714E-15
   2.940E-15
   3.002E-15
   2.837E-15
   2.425E-15
   2.955E-15
   3.796E-15
   3.209E-15
   3.183E-15
   4.040E-15
   3.276E-15
   2.995E-15
   3.312E-15
   3.480E-15
   2.051E-15
   3.309E-15
   3.133E-15
   3.009E-15
   3.056E-15
   4.461E-15
   4.227E-15
   3.903E-15
   3.261E-15
   4.359E-15
   3.163E-15
   5.672E-15
   3.988E-15
   3.094E-15
   4.489E-15
   4.663E-15
   4.381E-15
   3.513E-15
   4.407E-15
   3.071E-15
   4.966E-15
   3.613E-15
   3.828E-15
   3.971E-15
   3.477E-15
   3.146E-15
   5.039E-15
   5.177E-15
   4.719E-15
   4.566E-15
   4.651E-15
   4.925E-15
   4.346E-15
   4.886E-15
   4.518E-15
   4.224E-15
   5.886E-15
   5.998E-15
   5.482E-15
   5.260E-15
   4.275E-15
   4.479E-15
   4.835E-15
   4.312E-15
   4.887E-15
   4.542E-15
   4.260E-15
   4.030E-15
   5.417E-15
   5.873E-15
   5.604E-15
   4.556E-15
   4.689E-15
   4.967E-15
   4.362E-15
   4.851E-15
   4.414E-15
   4.036E-15
   5.054E-15
   4.142E-15
   4.111E-15
   4.157E-15
   4.205E-15
   4.499E-15
   5.259E-15
   5.820E-15
   6.241E-15
   5.071E-15
   4.997E-15
   4.924E-15
   4.852E-15
   4.782E-15
   4.712E-15
   4.643E-15
   4.575E-15
   4.509E-15
   4.443E-15
   4.378E-15
   4.314E-15
   4.252E-15
   4.190E-15
   4.129E-15
   4.069E-15
   4.009E-15
   3.951E-15
   3.893E-15
   3.837E-15
   3.781E-15
   3.726E-15
   3.672E-15
   3.618E-15
   3.566E-15
   3.514E-15
   3.463E-15
   3.413E-15
   3.363E-15
   3.314E-15
   3.266E-15
   3.219E-15
   3.172E-15
   3.126E-15
   3.080E-15
   3.036E-15
   2.992E-15
   2.948E-15
   2.905E-15
   2.863E-15
   2.822E-15
   2.781E-15
   2.740E-15
   2.701E-15
   2.661E-15
   2.623E-15
   2.585E-15
   2.547E-15
   2.510E-15
   2.474E-15
   2.438E-15
   2.403E-15
   2.368E-15
   2.334E-15
   2.300E-15
   2.267E-15
   2.234E-15
   2.201E-15
   2.170E-15
   2.138E-15
   2.107E-15
   2.077E-15
   2.047E-15
   2.017E-15
   1.988E-15
   1.959E-15
   1.931E-15
   1.903E-15
   1.875E-15
   1.848E-15
   1.821E-15
   1.795E-15
   1.769E-15
   1.743E-15
   1.718E-15
   1.693E-15
   1.669E-15
   1.645E-15
   1.621E-15
   1.597E-15
   1.574E-15
   1.552E-15
   1.529E-15
   1.507E-15
   1.485E-15
   1.464E-15
   1.443E-15
   1.422E-15
   1.401E-15
   1.381E-15
   1.361E-15
   1.341E-15
   1.322E-15
   1.303E-15
   1.284E-15
   1.266E-15
   1.247E-15
   1.229E-15
   1.211E-15
   1.194E-15
   1.177E-15
   1.160E-15
   1.143E-15
   1.126E-15
   1.110E-15
   1.094E-15
   1.078E-15
   1.063E-15
   1.047E-15
   1.032E-15
   1.017E-15
   1.003E-15
   9.883E-16
   9.740E-16
   9.599E-16
   9.461E-16
   9.324E-16
   9.190E-16
   9.057E-16
   8.926E-16
   8.797E-16
   8.670E-16
   8.545E-16
   8.422E-16
   8.300E-16
   8.181E-16
   8.063E-16
   7.946E-16
   7.831E-16
   7.718E-16
   7.607E-16
   7.497E-16
   7.389E-16
   7.283E-16
   7.177E-16
   7.074E-16
   6.972E-16
   6.871E-16
   6.772E-16
   6.674E-16
   6.578E-16
   6.483E-16
   6.390E-16
   6.298E-16
   6.207E-16
   6.117E-16
   6.029E-16
   5.942E-16
   5.856E-16
   5.772E-16
   5.689E-16
   5.607E-16
   5.526E-16
   5.446E-16
   5.368E-16
   5.290E-16
   5.214E-16
   5.139E-16
   5.000E-16
   5.000E-16
   5.000E-16
   5.000E-16
   5.000E-16
   5.000E-16
   5.000E-16
   5.000E-16
   5.000E-16
   5.000E-16
   5.000E-16
   5.000E-16
   5.000E-16
   5.000E-16
   5.000E-16
   5.000E-16
   5.000E-16
   5.000E-16
   5.000E-16
   5.000E-16
   5.000E-16
   5.000E-16
   5.000E-16
   5.000E-16
   5.000E-16
   5.000E-16
   5.000E-16
   5.000E-16
   5.000E-16
   5.000E-16
   5.000E-16
   5.000E-16
   5.000E-16
   5.000E-16
   5.000E-16
   5.000E-16
   5.000E-16
   5.000E-16
   5.000E-16
   5.000E-16
   5.000E-16
   5.000E-16
   5.000E-16
   5.000E-16
   5.000E-16
   5.000E-16
   5.000E-16
   5.000E-16
   5.000E-16
   5.000E-16
   5.000E-16
   5.000E-16
   5.000E-16
   5.000E-16
   5.000E-16
   5.000E-16
   5.000E-16
   5.000E-16
   5.000E-16
   5.000E-16
   5.000E-16
   5.000E-16
   5.000E-16
   5.000E-16
   5.000E-16
   5.000E-16
   5.000E-16
   5.000E-16
   5.000E-16
   5.000E-16
   5.000E-16
   5.000E-16
   5.000E-16
   5.000E-16
   5.000E-16
   5.000E-16
   5.000E-16
   5.000E-16
   5.000E-16
   5.000E-16
   5.000E-16
   5.000E-16
   5.000E-16
   5.000E-16
   5.000E-16
   5.000E-16
   5.000E-16
   5.000E-16
   5.000E-16
   5.000E-16
   5.000E-16
   5.000E-16
   5.000E-16
   5.000E-16
   5.000E-16
   5.000E-16
   5.000E-16
   5.000E-16
   5.000E-16
   5.000E-16
   5.000E-16
   5.000E-16
   5.000E-16
   5.000E-16
   5.000E-16
   5.000E-16
   5.000E-16
   5.000E-16
   5.000E-16
   5.000E-16
   5.000E-16
   5.000E-16
   5.000E-16
   5.000E-16
   5.000E-16
   5.000E-16
   5.000E-16
   5.000E-16
   5.000E-16
   5.000E-16
   5.000E-16
   5.000E-16
   5.000E-16
   5.000E-16
   5.000E-16
   5.000E-16
   5.000E-16
   5.000E-16
   5.000E-16
   5.000E-16
   5.000E-16
   5.000E-16
   5.000E-16
   5.000E-16
   5.000E-16
   5.000E-16
   5.000E-16
   5.000E-16
   5.000E-16
   5.000E-16
   5.000E-16
   5.000E-16
   5.000E-16
   5.000E-16
   5.000E-16
   5.000E-16
   5.000E-16
   5.000E-16
   5.000E-16
   5.000E-16
   5.000E-16
   5.000E-16
   5.000E-16
   5.000E-16
   5.000E-16
   5.000E-16
   5.000E-16
   5.000E-16
   5.000E-16
   5.000E-16
   5.000E-16
   5.000E-16
   5.000E-16
   5.000E-16
   5.000E-16
   5.000E-16
   5.000E-16
   5.000E-16
   5.000E-16
   5.000E-16
   5.000E-16
   5.000E-16
   5.000E-16
   5.000E-16
   5.000E-16
   5.000E-16
   5.000E-16
   5.000E-16
   5.000E-16
   5.000E-16
   5.000E-16
   5.000E-16
   5.000E-16
   5.000E-16
   5.000E-16
   5.000E-16
   5.000E-16
   5.000E-16
   5.000E-16
   5.000E-16
   5.000E-16
   5.000E-16
   5.000E-16
   5.000E-16
   5.000E-16
   5.000E-16
   5.000E-16
   5.000E-16
   5.000E-16
   5.000E-16
   5.000E-16
   5.000E-16
   5.000E-16
   5.000E-16
   5.000E-16
   5.000E-16
   5.000E-16
   5.000E-16
   5.000E-16
   5.000E-16
   5.000E-16
   5.000E-16
   5.000E-16
   5.000E-16
   5.000E-16
   5.000E-16
   5.000E-16
   5.000E-16
   5.000E-16
   5.000E-16
   5.000E-16
   5.000E-16
   5.000E-16
   5.000E-16
   5.000E-16
   5.000E-16
   5.000E-16
   5.000E-16
   5.000E-16
   5.000E-16
   5.000E-16
   5.000E-16
   5.000E-16
   5.000E-16
   5.000E-16
   5.000E-16
   5.000E-16
   5.000E-16
   5.000E-16
   5.000E-16
   5.000E-16
   5.000E-16
   5.000E-16
   5.000E-16
   5.000E-16
   5.000E-16
   5.000E-16
   5.000E-16
   5.000E-16
   5.000E-16
   5.000E-16
   5.000E-16
   5.000E-16
   5.000E-16
   5.000E-16
   5.000E-16
   5.000E-16
   5.000E-16
   5.000E-16
   5.000E-16
   5.000E-16
   5.000E-16
   5.000E-16
   5.000E-16
   5.000E-16
   5.000E-16
   5.000E-16
   5.000E-16
   5.000E-16
   5.000E-16
   5.000E-16
   5.000E-16
   5.000E-16
   5.000E-16
   5.000E-16
   5.000E-16
   5.000E-16
   5.000E-16
   5.000E-16
   5.000E-16
   5.000E-16
   5.000E-16
   5.000E-16
   5.000E-16
   5.000E-16
   5.000E-16
   5.000E-16
   5.000E-16
   5.000E-16
   5.000E-16
   5.000E-16
   5.000E-16
   5.000E-16
   5.000E-16
   5.000E-16
   5.000E-16
   5.000E-16
   5.000E-16
   5.000E-16
   5.000E-16
   5.000E-16
   5.000E-16
   5.000E-16
   5.000E-16
   5.000E-16
   5.000E-16
   5.000E-16
   5.000E-16
   5.000E-16
   5.000E-16
   5.000E-16
   5.000E-16
   5.000E-16
   5.000E-16
   5.000E-16
   5.000E-16
   5.000E-16
   5.000E-16
   5.000E-16
   5.000E-16
   5.000E-16
   5.000E-16
   5.000E-16
   5.000E-16
   5.000E-16
   5.000E-16
   5.000E-16
   5.000E-16
   5.000E-16
   5.000E-16
   5.000E-16
   5.000E-16
   5.000E-16
   5.000E-16
   5.000E-16
   5.000E-16
   5.000E-16
   5.000E-16
   5.000E-16
   5.000E-16
   5.000E-16
   5.000E-16
   5.000E-16
   5.000E-16
   5.000E-16
   5.000E-16
   5.000E-16
   5.000E-16
   5.000E-16
   5.000E-16
   5.000E-16
   5.000E-16
   5.000E-16
