     3628
     912.000   0.200E+06
     914.102   0.200E+06
     916.210   0.200E+06
     918.322   0.200E+06
     920.439   0.200E+06
     922.560   0.200E+06
     924.687   0.200E+06
     926.819   0.200E+06
     928.955   0.200E+06
     931.097   0.200E+06
     933.243   0.200E+06
     935.395   0.200E+06
     937.551   0.200E+06
     939.712   0.200E+06
     941.878   0.200E+06
     944.050   0.200E+06
     946.226   0.200E+06
     948.407   0.200E+06
     950.593   0.200E+06
     952.785   0.200E+06
     954.981   0.200E+06
     957.183   0.200E+06
     959.389   0.200E+06
     961.601   0.200E+06
     963.818   0.200E+06
     966.039   0.200E+06
     968.266   0.200E+06
     970.498   0.200E+06
     972.736   0.200E+06
     974.978   0.200E+06
     977.226   0.200E+06
     979.478   0.200E+06
     981.736   0.200E+06
     983.999   0.200E+06
     986.268   0.200E+06
     988.541   0.200E+06
     990.820   0.200E+06
     993.104   0.200E+06
     995.394   0.200E+06
     997.688   0.200E+06
     999.988   0.200E+06
    1002.293   0.200E+06
    1004.604   0.200E+06
    1006.920   0.200E+06
    1009.241   0.200E+06
    1011.567   0.200E+06
    1013.899   0.200E+06
    1016.237   0.200E+06
    1018.579   0.200E+06
    1020.927   0.200E+06
    1023.281   0.200E+06
    1025.640   0.200E+06
    1028.004   0.200E+06
    1030.374   0.200E+06
    1032.749   0.200E+06
    1035.130   0.200E+06
    1037.516   0.200E+06
    1039.908   0.200E+06
    1042.305   0.200E+06
    1044.708   0.200E+06
    1047.116   0.200E+06
    1049.530   0.200E+06
    1051.949   0.200E+06
    1054.374   0.200E+06
    1056.805   0.200E+06
    1059.241   0.200E+06
    1061.683   0.200E+06
    1064.130   0.200E+06
    1066.583   0.200E+06
    1069.042   0.200E+06
    1071.507   0.200E+06
    1073.977   0.200E+06
    1076.452   0.200E+06
    1078.934   0.200E+06
    1081.421   0.200E+06
    1083.914   0.200E+06
    1086.413   0.200E+06
    1088.917   0.200E+06
    1091.427   0.200E+06
    1093.943   0.200E+06
    1096.465   0.200E+06
    1098.993   0.200E+06
    1101.526   0.200E+06
    1104.066   0.200E+06
    1106.611   0.200E+06
    1109.162   0.200E+06
    1111.719   0.200E+06
    1114.281   0.200E+06
    1116.850   0.200E+06
    1119.425   0.200E+06
    1122.005   0.200E+06
    1124.592   0.200E+06
    1127.184   0.200E+06
    1129.782   0.200E+06
    1132.387   0.200E+06
    1134.997   0.200E+06
    1137.614   0.200E+06
    1140.236   0.200E+06
    1142.865   0.200E+06
    1145.499   0.200E+06
    1148.140   0.200E+06
    1150.580  0.3052E+06
    1152.260  0.1124E+06
    1153.940  0.1861E+06
    1155.610  0.3200E+06
    1157.290  0.2542E+06
    1158.970  0.2997E+06
    1160.640  0.3507E+06
    1162.320  0.3236E+06
    1164.000  0.2395E+06
    1165.670  0.3236E+06
    1167.350  0.3089E+06
    1169.020  0.2813E+06
    1170.700  0.4624E+06
    1172.380  0.6104E+06
    1174.050  0.6326E+06
    1175.730  0.7062E+06
    1177.410  0.5748E+06
    1179.080  0.3157E+06
    1180.760  0.2149E+06
    1182.440  0.1695E+06
    1184.110  0.2831E+06
    1185.790  0.2555E+06
    1187.460  0.1781E+06
    1189.140  0.1885E+06
    1190.820  0.2819E+06
    1192.490  0.3715E+06
    1194.170  0.3568E+06
    1195.850  0.3034E+06
    1197.520  0.4342E+06
    1199.200  0.4360E+06
    1200.870  0.7185E+06
    1202.550  0.7492E+06
    1204.230  0.1013E+07
    1205.900  0.1738E+07
    1207.580  0.3789E+07
    1224.340  0.1695E+07
    1226.020  0.9580E+06
    1227.700  0.6387E+06
    1229.370  0.4545E+06
    1231.050  0.3623E+06
    1232.730  0.3193E+06
    1234.400  0.2917E+06
    1236.080  0.3408E+06
    1237.750  0.4385E+06
    1239.430  0.4452E+06
    1241.110  0.3801E+06
    1242.780  0.3132E+06
    1244.460  0.2727E+06
    1246.140  0.2242E+06
    1247.810  0.2143E+06
    1249.490  0.2192E+06
    1251.170  0.1738E+06
    1252.840  0.1922E+06
    1254.520  0.2020E+06
    1256.190  0.2027E+06
    1257.870  0.1977E+06
    1259.550  0.1824E+06
    1261.220  0.1781E+06
    1262.900  0.1425E+06
    1264.580  0.1818E+06
    1266.250  0.1977E+06
    1267.930  0.1996E+06
    1269.600  0.1818E+06
    1271.280  0.2420E+06
    1272.960  0.2358E+06
    1274.630  0.2813E+06
    1276.310  0.3064E+06
    1277.990  0.3009E+06
    1279.660  0.2954E+06
    1281.340  0.3071E+06
    1283.020  0.3439E+06
    1284.690  0.3132E+06
    1286.370  0.2401E+06
    1288.040  0.1849E+06
    1289.720  0.1996E+06
    1291.400  0.2199E+06
    1293.070  0.2358E+06
    1294.750  0.2328E+06
    1296.430  0.2512E+06
    1298.100  0.2444E+06
    1299.780  0.2960E+06
    1301.460  0.4907E+06
    1303.130  0.6940E+06
    1304.810  0.9028E+06
    1306.480  0.7677E+06
    1308.160  0.6141E+06
    1309.840  0.3501E+06
    1311.510  0.2205E+06
    1313.190  0.1695E+06
    1314.870  0.1701E+06
    1316.540  0.1664E+06
    1318.220  0.1935E+06
    1319.900  0.1799E+06
    1321.570  0.1683E+06
    1323.250  0.1314E+06
    1324.920  0.1449E+06
    1326.600  0.1400E+06
    1328.280  0.1308E+06
    1329.950  0.1535E+06
    1331.630  0.2186E+06
    1333.310  0.2794E+06
    1334.980  0.4115E+06
    1336.660  0.4588E+06
    1338.330  0.3826E+06
    1340.010  0.3046E+06
    1341.690  0.2457E+06
    1343.360  0.2328E+06
    1345.040  0.2082E+06
    1346.720  0.1689E+06
    1348.390  0.1437E+06
    1350.070  0.1431E+06
    1351.750  0.1732E+06
    1353.420  0.2008E+06
    1355.100  0.2309E+06
    1356.770  0.2235E+06
    1358.450  0.1977E+06
    1360.130  0.1726E+06
    1361.800  0.1529E+06
    1363.480  0.1431E+06
    1365.160  0.1382E+06
    1366.830  0.1265E+06
    1368.510  0.1603E+06
    1370.190  0.1394E+06
    1371.860  0.1400E+06
    1373.540  0.1462E+06
    1375.210  0.1388E+06
    1376.890  0.1431E+06
    1378.570  0.1529E+06
    1380.240  0.1529E+06
    1381.920  0.1977E+06
    1383.600  0.1548E+06
    1385.270  0.1695E+06
    1386.950  0.1578E+06
    1388.630  0.1713E+06
    1390.300  0.1947E+06
    1391.980  0.3187E+06
    1393.650  0.3187E+06
    1395.330  0.4563E+06
    1397.010  0.3384E+06
    1398.680  0.3138E+06
    1400.360  0.3709E+06
    1402.040  0.3875E+06
    1403.710  0.3949E+06
    1405.390  0.3777E+06
    1407.060  0.2315E+06
    1408.740  0.2088E+06
    1410.420  0.1965E+06
    1412.090  0.2100E+06
    1413.770  0.2377E+06
    1415.450  0.1873E+06
    1417.120  0.1898E+06
    1418.800  0.2057E+06
    1420.480  0.1566E+06
    1422.150  0.1597E+06
    1423.830  0.1732E+06
    1425.500  0.1603E+06
    1427.180  0.1750E+06
    1428.860  0.2235E+06
    1430.530  0.2156E+06
    1432.210  0.1345E+06
    1433.890  0.2850E+06
    1435.560  0.2174E+06
    1437.240  0.2794E+06
    1438.920  0.2444E+06
    1440.590  0.2217E+06
    1442.270  0.1935E+06
    1443.940  0.2438E+06
    1445.620  0.2432E+06
    1447.300  0.2770E+06
    1448.970  0.2346E+06
    1450.650  0.2334E+06
    1452.330  0.2137E+06
    1454.000  0.2671E+06
    1455.680  0.2542E+06
    1457.360  0.2352E+06
    1459.030  0.2426E+06
    1460.710  0.2831E+06
    1462.380  0.2936E+06
    1464.060  0.2739E+06
    1465.740  0.2696E+06
    1467.410  0.2536E+06
    1469.090  0.1984E+06
    1470.770  0.1560E+06
    1472.440  0.2260E+06
    1474.120  0.2174E+06
    1475.790  0.1947E+06
    1477.470  0.2266E+06
    1479.150  0.1971E+06
    1480.820  0.1584E+06
    1482.500  0.1664E+06
    1484.180  0.2235E+06
    1485.850  0.2635E+06
    1487.530  0.2659E+06
    1489.210  0.3040E+06
    1490.880  0.2813E+06
    1492.560  0.2346E+06
    1494.230  0.2027E+06
    1495.910  0.2518E+06
    1497.590  0.2334E+06
    1499.260  0.2303E+06
    1500.940  0.2020E+06
    1502.620  0.2420E+06
    1504.290  0.2837E+06
    1505.970  0.2942E+06
    1507.650  0.2192E+06
    1509.320  0.2242E+06
    1511.000  0.1971E+06
    1512.670  0.1996E+06
    1514.350  0.2131E+06
    1516.030  0.1922E+06
    1517.700  0.2414E+06
    1519.380  0.2475E+06
    1521.060  0.2414E+06
    1522.730  0.2168E+06
    1524.410  0.2616E+06
    1526.090  0.2696E+06
    1527.760  0.2727E+06
    1529.440  0.2174E+06
    1531.110  0.2143E+06
    1532.790  0.2598E+06
    1534.470  0.2389E+06
    1536.140  0.2321E+06
    1537.820  0.2905E+06
    1539.500  0.2542E+06
    1541.170  0.2315E+06
    1542.850  0.2690E+06
    1544.530  0.4145E+06
    1546.200  0.4778E+06
    1547.880  0.8843E+06
    1549.550  0.1013E+07
    1551.230  0.1087E+07
    1552.910  0.9089E+06
    1554.580  0.5343E+06
    1556.260  0.3052E+06
    1557.940  0.2794E+06
    1559.610  0.2831E+06
    1561.290  0.2751E+06
    1562.960  0.3255E+06
    1564.640  0.2696E+06
    1566.320  0.2475E+06
    1567.990  0.2297E+06
    1569.670  0.2045E+06
    1571.350  0.1787E+06
    1573.020  0.2358E+06
    1574.700  0.2168E+06
    1576.380  0.2027E+06
    1578.050  0.2364E+06
    1579.730  0.2002E+06
    1581.400  0.2321E+06
    1583.080  0.2641E+06
    1584.760  0.2199E+06
    1586.430  0.2659E+06
    1588.110  0.2739E+06
    1589.790  0.2807E+06
    1591.460  0.2948E+06
    1593.140  0.3175E+06
    1594.820  0.2764E+06
    1596.490  0.2782E+06
    1598.170  0.2788E+06
    1599.840  0.3169E+06
    1601.520  0.3617E+06
    1603.200  0.3488E+06
    1604.870  0.3144E+06
    1606.550  0.2948E+06
    1608.230  0.2825E+06
    1609.900  0.2585E+06
    1611.580  0.2899E+06
    1613.260  0.2684E+06
    1614.930  0.2635E+06
    1616.610  0.2585E+06
    1618.280  0.2635E+06
    1619.960  0.2272E+06
    1621.640  0.3077E+06
    1623.310  0.2991E+06
    1624.990  0.2899E+06
    1626.670  0.2328E+06
    1628.340  0.2125E+06
    1630.020  0.2131E+06
    1631.690  0.2714E+06
    1633.370  0.3003E+06
    1635.050  0.3077E+06
    1636.720  0.3439E+06
    1638.400  0.5527E+06
    1640.080  0.7308E+06
    1641.750  0.7799E+06
    1643.430  0.5969E+06
    1645.110  0.4428E+06
    1646.780  0.2622E+06
    1648.460  0.1910E+06
    1650.130  0.1781E+06
    1651.810  0.2008E+06
    1653.490  0.2414E+06
    1655.160  0.3101E+06
    1656.840  0.3697E+06
    1658.520  0.4342E+06
    1660.190  0.3562E+06
    1661.870  0.2702E+06
    1663.550  0.2248E+06
    1665.220  0.1984E+06
    1666.900  0.1910E+06
    1668.570  0.2094E+06
    1670.250  0.2328E+06
    1671.930  0.2303E+06
    1673.600  0.2082E+06
    1675.280  0.2174E+06
    1676.960  0.1701E+06
    1678.630  0.1855E+06
    1680.310  0.1726E+06
    1681.990  0.1627E+06
    1683.660  0.2094E+06
    1685.340  0.1763E+06
    1687.010  0.1750E+06
    1688.690  0.1971E+06
    1690.370  0.1738E+06
    1692.040  0.1892E+06
    1693.720  0.2039E+06
    1695.400  0.1928E+06
    1697.070  0.1775E+06
    1698.750  0.1738E+06
    1700.420  0.2027E+06
    1702.100  0.2192E+06
    1703.780  0.2217E+06
    1705.450  0.1720E+06
    1707.130  0.1916E+06
    1708.810  0.1713E+06
    1710.480  0.1904E+06
    1712.160  0.1830E+06
    1713.840  0.2027E+06
    1715.510  0.2420E+06
    1717.190  0.2481E+06
    1718.860  0.2377E+06
    1720.540  0.2334E+06
    1722.220  0.2315E+06
    1723.890  0.2174E+06
    1725.570  0.1971E+06
    1727.250  0.1892E+06
    1728.920  0.1922E+06
    1730.600  0.1842E+06
    1732.280  0.1830E+06
    1733.950  0.1763E+06
    1735.630  0.1965E+06
    1737.300  0.2088E+06
    1738.980  0.2014E+06
    1740.660  0.1892E+06
    1742.330  0.1971E+06
    1744.010  0.1990E+06
    1745.690  0.2205E+06
    1747.360  0.2407E+06
    1749.040  0.2346E+06
    1750.720  0.2094E+06
    1752.390  0.2106E+06
    1754.070  0.1996E+06
    1755.740  0.2033E+06
    1757.420  0.2156E+06
    1759.100  0.1627E+06
    1760.770  0.1916E+06
    1762.450  0.1904E+06
    1764.130  0.1683E+06
    1765.800  0.1732E+06
    1767.480  0.1861E+06
    1769.160  0.1935E+06
    1770.830  0.2125E+06
    1772.510  0.2125E+06
    1774.180  0.2057E+06
    1775.860  0.2137E+06
    1777.540  0.2100E+06
    1779.210  0.2106E+06
    1780.890  0.2100E+06
    1782.570  0.1947E+06
    1784.240  0.1904E+06
    1785.920  0.1376E+06
    1787.590  0.6326E+05
    1789.270  0.5183E+05
    1790.950  0.2862E+05
    1792.620  0.3820E+05
    1794.300  0.2063E+06
    1795.980  0.1707E+06
    1797.650  0.1732E+06
    1799.330  0.1806E+06
    1801.010  0.1750E+06
    1802.680  0.1677E+06
    1804.360  0.1965E+06
    1806.030  0.2371E+06
    1807.710  0.2665E+06
    1809.390  0.2561E+06
    1811.060  0.2315E+06
    1812.740  0.2260E+06
    1814.420  0.2401E+06
    1816.090  0.2911E+06
    1817.770  0.3396E+06
    1819.450  0.3279E+06
    1821.120  0.2733E+06
    1822.800  0.2260E+06
    1824.470  0.2070E+06
    1826.150  0.1548E+06
    1827.830  0.1799E+06
    1829.500  0.1849E+06
    1831.180  0.1892E+06
    1832.860  0.1867E+06
    1834.530  0.1627E+06
    1836.210  0.1627E+06
    1837.890  0.1646E+06
    1839.560  0.1855E+06
    1841.240  0.1867E+06
    1842.910  0.2076E+06
    1844.590  0.2137E+06
    1846.270  0.2113E+06
    1847.940  0.2143E+06
    1849.620  0.2002E+06
    1851.300  0.2002E+06
    1852.970  0.2027E+06
    1854.650  0.2100E+06
    1856.320  0.2168E+06
    1858.000  0.2088E+06
    1859.680  0.2033E+06
    1861.350  0.2033E+06
    1863.030  0.2063E+06
    1864.710  0.1830E+06
    1866.380  0.1726E+06
    1868.060  0.1861E+06
    1869.740  0.2051E+06
    1871.410  0.1996E+06
    1873.090  0.2014E+06
    1874.760  0.2088E+06
    1876.440  0.1947E+06
    1878.120  0.1965E+06
    1879.790  0.1861E+06
    1881.470  0.1781E+06
    1883.150  0.1793E+06
    1884.820  0.1818E+06
    1886.500  0.1818E+06
    1888.180  0.1799E+06
    1889.850  0.1990E+06
    1891.530  0.2328E+06
    1893.200  0.2444E+06
    1894.880  0.2377E+06
    1896.560  0.2291E+06
    1898.230  0.2149E+06
    1899.910  0.2162E+06
    1901.590  0.2168E+06
    1903.260  0.2242E+06
    1904.940  0.2340E+06
    1906.610  0.2475E+06
    1908.290  0.2628E+06
    1909.970  0.2825E+06
    1911.640  0.2592E+06
    1913.320  0.2469E+06
    1915.000  0.2457E+06
    1916.670  0.2223E+06
    1918.350  0.2070E+06
    1920.030  0.2094E+06
    1921.700  0.2094E+06
    1923.380  0.2254E+06
    1925.050  0.2383E+06
    1926.730  0.2500E+06
    1928.410  0.2340E+06
    1930.080  0.2401E+06
    1931.760  0.2438E+06
    1933.440  0.2542E+06
    1935.110  0.2389E+06
    1936.790  0.2229E+06
    1938.470  0.2248E+06
    1940.140  0.2321E+06
    1941.820  0.2168E+06
    1943.490  0.2131E+06
    1945.170  0.2106E+06
    1946.850  0.2174E+06
    1948.520  0.2211E+06
    1950.200  0.2235E+06
    1951.880  0.2199E+06
    1953.550  0.2192E+06
    1955.230  0.2285E+06
    1956.910  0.2260E+06
    1958.580  0.2137E+06
    1960.260  0.2211E+06
    1961.930  0.2211E+06
    1963.610  0.2149E+06
    1965.290  0.2039E+06
    1966.960  0.2082E+06
    1968.640  0.2137E+06
    1970.320  0.2168E+06
    1971.990  0.2156E+06
    1973.670  0.2199E+06
    1975.350  0.2143E+06
    1977.020  0.2229E+06
    1978.700  0.2143E+06
    1978.990  0.1566E+06
    1981.650  0.1290E+06
    1984.310  0.1548E+06
    1986.980  0.2536E+06
    1989.640  0.1584E+06
    1992.300  0.3851E+05
    1994.970  0.7615E+05
    1997.630  0.1560E+06
    2000.290  0.2561E+06
    2002.950  0.6074E+05
    2005.620  0.7308E+05
    2008.280  0.1916E+06
    2010.940  0.9826E+05
    2013.600  0.2008E+06
    2016.270  0.1713E+06
    2018.930  0.1449E+06
    2021.590  0.1425E+06
    2024.250  0.1130E+06
    2026.920  0.1173E+06
    2029.580  0.1345E+06
    2032.240  0.1750E+06
    2034.910  0.1296E+06
    2037.570  0.2070E+06
    2040.230  0.1627E+06
    2042.890  0.1486E+06
    2045.560  0.1345E+06
    2048.220  0.1056E+06
    2050.880  0.9458E+05
    2053.540  0.2432E+06
    2056.210  0.1769E+06
    2058.870  0.7308E+05
    2061.530  0.1105E+06
    2064.200  0.1234E+06
    2066.860  0.1812E+06
    2069.520  0.1732E+06
    2072.180  0.1105E+06
    2074.850  0.1904E+06
    2077.510  0.1824E+06
    2080.170  0.1480E+06
    2082.830  0.1603E+06
    2085.500  0.2039E+06
    2088.160  0.2149E+06
    2090.820  0.1474E+06
    2093.480  0.9887E+05
    2096.150  0.1357E+06
    2098.810  0.9887E+05
    2101.470  0.9765E+05
    2104.130  0.1339E+06
    2106.800  0.8352E+05
    2109.460  0.1443E+06
    2112.120  0.1554E+06
    2114.790  0.1370E+06
    2117.450  0.1824E+06
    2120.110  0.1026E+06
    2122.770  0.1247E+06
    2125.440  0.2579E+06
    2128.100  0.2395E+06
    2130.760  0.1830E+06
    2133.420  0.2401E+06
    2136.090  0.1327E+06
    2138.750  0.9458E+05
    2141.410  0.1339E+06
    2144.070  0.1357E+06
    2146.740  0.8905E+05
    2149.400  0.5859E+05
    2152.060  0.2235E+06
    2154.730  0.1155E+06
    2157.390  0.1744E+06
    2160.050  0.1750E+06
    2162.710  0.1885E+06
    2165.380  0.1701E+06
    2168.040  0.1136E+06
    2170.700  0.2088E+06
    2173.360  0.1861E+06
    2176.030  0.1228E+06
    2178.690  0.1701E+06
    2181.350  0.1535E+06
    2184.010  0.1873E+06
    2186.680  0.1578E+06
    2189.340  0.1167E+06
    2192.000  0.8106E+05
    2194.670  0.5865E+05
    2197.330  0.1191E+06
    2199.990  0.1517E+06
    2202.650  0.1548E+06
    2205.320  0.1419E+06
    2207.980  0.2027E+06
    2210.640  0.1640E+06
    2213.300  0.1253E+06
    2215.970  0.1155E+06
    2218.630  0.1118E+06
    2221.290  0.9887E+05
    2223.950  0.1879E+06
    2226.620  0.2051E+06
    2229.280  0.1824E+06
    2231.940  0.1296E+06
    2234.610  0.1204E+06
    2237.270  0.1664E+06
    2239.930  0.1425E+06
    2242.590  0.1474E+06
    2245.260  0.1320E+06
    2247.920  0.1081E+06
    2250.580  0.1210E+06
    2253.240  0.1609E+06
    2255.910  0.1965E+06
    2258.570  0.1793E+06
    2261.230  0.1443E+06
    2263.890  0.1634E+06
    2266.560  0.1425E+06
    2269.220  0.1658E+06
    2271.880  0.2156E+06
    2274.550  0.1726E+06
    2277.210  0.1431E+06
    2279.870  0.1333E+06
    2282.530  0.1505E+06
    2285.200  0.2100E+06
    2287.860  0.1842E+06
    2290.520  0.1462E+06
    2293.180  0.1462E+06
    2295.850  0.1781E+06
    2298.510  0.2070E+06
    2301.170  0.1867E+06
    2303.830  0.1578E+06
    2306.500  0.1271E+06
    2309.160  0.2113E+06
    2311.820  0.2106E+06
    2314.490  0.1769E+06
    2317.150  0.1412E+06
    2319.810  0.1689E+06
    2322.470  0.1885E+06
    2325.140  0.2776E+06
    2327.800  0.4723E+06
    2330.460  0.5036E+06
    2333.120  0.4317E+06
    2335.790  0.3107E+06
    2338.450  0.1953E+06
    2341.110  0.1357E+06
    2343.780  0.2217E+06
    2346.440  0.3022E+06
    2349.100  0.2297E+06
    2351.760  0.1885E+06
    2354.430  0.1560E+06
    2357.090  0.1787E+06
    2359.750  0.2039E+06
    2362.410  0.2254E+06
    2365.080  0.2641E+06
    2367.740  0.2917E+06
    2370.400  0.2475E+06
    2373.060  0.2702E+06
    2375.730  0.2364E+06
    2378.390  0.2266E+06
    2381.050  0.2481E+06
    2383.720  0.3126E+06
    2386.380  0.2659E+06
    2389.040  0.2733E+06
    2391.700  0.2530E+06
    2394.370  0.2156E+06
    2397.030  0.2536E+06
    2399.690  0.2518E+06
    2402.350  0.2893E+06
    2405.020  0.2751E+06
    2407.680  0.2500E+06
    2410.340  0.2862E+06
    2413.000  0.2972E+06
    2415.670  0.2358E+06
    2418.330  0.1572E+06
    2420.990  0.2051E+06
    2423.660  0.2119E+06
    2426.320  0.1947E+06
    2428.980  0.2039E+06
    2431.640  0.2002E+06
    2434.310  0.1941E+06
    2436.970  0.2340E+06
    2439.630  0.1812E+06
    2442.290  0.1781E+06
    2444.960  0.1707E+06
    2447.620  0.1775E+06
    2450.280  0.1928E+06
    2452.940  0.1535E+06
    2455.610  0.1855E+06
    2458.270  0.1898E+06
    2460.930  0.1990E+06
    2463.590  0.2008E+06
    2466.260  0.2137E+06
    2468.920  0.1775E+06
    2471.580  0.1584E+06
    2474.250  0.1824E+06
    2476.910  0.1652E+06
    2479.570  0.2014E+06
    2482.230  0.2346E+06
    2484.900  0.2426E+06
    2487.560  0.1775E+06
    2490.220  0.2063E+06
    2492.880  0.2113E+06
    2495.550  0.2979E+06
    2498.210  0.2291E+06
    2500.870  0.1947E+06
    2503.540  0.1781E+06
    2506.200  0.2100E+06
    2508.860  0.2401E+06
    2511.520  0.2131E+06
    2514.190  0.2481E+06
    2516.850  0.2352E+06
    2519.510  0.2346E+06
    2522.170  0.1959E+06
    2524.840  0.2045E+06
    2527.500  0.2205E+06
    2530.160  0.2125E+06
    2532.820  0.2033E+06
    2535.490  0.2094E+06
    2538.150  0.2242E+06
    2540.810  0.2272E+06
    2543.470  0.2377E+06
    2546.140  0.2383E+06
    2548.800  0.2076E+06
    2551.460  0.1689E+06
    2554.130  0.1855E+06
    2556.790  0.1861E+06
    2559.450  0.2088E+06
    2562.110  0.2334E+06
    2564.780  0.2254E+06
    2567.440  0.1916E+06
    2570.100  0.1873E+06
    2572.760  0.1781E+06
    2575.430  0.2223E+06
    2578.090  0.2033E+06
    2580.750  0.1885E+06
    2583.420  0.2199E+06
    2586.080  0.2530E+06
    2588.740  0.2493E+06
    2591.400  0.2377E+06
    2594.070  0.2506E+06
    2596.730  0.3052E+06
    2599.390  0.3758E+06
    2602.050  0.3150E+06
    2604.720  0.2942E+06
    2607.380  0.3163E+06
    2610.040  0.2899E+06
    2612.700  0.3169E+06
    2615.370  0.3181E+06
    2618.030  0.3722E+06
    2620.690  0.3169E+06
    2623.360  0.2782E+06
    2626.020  0.3513E+06
    2628.680  0.3857E+06
    2631.340  0.4330E+06
    2634.010  0.2942E+06
    2636.670  0.2162E+06
    2639.330  0.1996E+06
    2641.990  0.1640E+06
    2644.660  0.1879E+06
    2647.320  0.1990E+06
    2649.980  0.1922E+06
    2652.640  0.1541E+06
    2655.310  0.1695E+06
    2657.970  0.1824E+06
    2660.630  0.1879E+06
    2663.300  0.1824E+06
    2665.960  0.1904E+06
    2668.620  0.1996E+06
    2671.280  0.2051E+06
    2673.950  0.1941E+06
    2676.610  0.1701E+06
    2679.270  0.1990E+06
    2681.930  0.2008E+06
    2685.313   0.193E+06
    2691.503   0.194E+06
    2697.708   0.195E+06
    2703.926   0.196E+06
    2710.160   0.197E+06
    2716.407   0.198E+06
    2722.669   0.199E+06
    2728.945   0.200E+06
    2735.236   0.201E+06
    2741.542   0.202E+06
    2747.862   0.203E+06
    2754.196   0.204E+06
    2760.545   0.205E+06
    2766.909   0.206E+06
    2773.287   0.207E+06
    2779.680   0.208E+06
    2786.088   0.209E+06
    2792.511   0.210E+06
    2798.948   0.212E+06
    2805.400   0.213E+06
    2811.868   0.214E+06
    2818.350   0.215E+06
    2824.847   0.216E+06
    2831.358   0.217E+06
    2837.885   0.218E+06
    2844.427   0.219E+06
    2850.985   0.221E+06
    2857.557   0.222E+06
    2864.144   0.223E+06
    2870.747   0.224E+06
    2877.364   0.225E+06
    2883.997   0.227E+06
    2890.646   0.228E+06
    2897.309   0.229E+06
    2903.988   0.231E+06
    2910.683   0.232E+06
    2917.393   0.233E+06
    2924.118   0.234E+06
    2930.859   0.236E+06
    2937.615   0.237E+06
    2944.387   0.238E+06
    2951.174   0.240E+06
    2957.977   0.241E+06
    2964.796   0.243E+06
    2971.631   0.244E+06
    2978.481   0.245E+06
    2985.347   0.247E+06
    2992.229   0.248E+06
    2999.127   0.250E+06
    3006.041   0.251E+06
    3012.970   0.253E+06
    3019.916   0.254E+06
    3026.878   0.256E+06
    3033.855   0.257E+06
    3040.849   0.259E+06
    3047.859   0.261E+06
    3054.885   0.262E+06
    3061.927   0.264E+06
    3068.986   0.265E+06
    3076.060   0.267E+06
    3083.151   0.269E+06
    3090.259   0.270E+06
    3097.383   0.272E+06
    3104.523   0.274E+06
    3111.680   0.275E+06
    3118.853   0.277E+06
    3126.042   0.279E+06
    3133.249   0.281E+06
    3140.472   0.282E+06
    3147.711   0.284E+06
    3154.967   0.286E+06
    3162.240   0.288E+06
    3169.530   0.290E+06
    3176.837   0.292E+06
    3184.160   0.294E+06
    3191.500   0.296E+06
    3198.857   0.297E+06
    3206.231   0.299E+06
    3213.623   0.301E+06
    3221.031   0.303E+06
    3228.456   0.305E+06
    3235.898   0.307E+06
    3243.358   0.309E+06
    3250.835   0.312E+06
    3258.328   0.314E+06
    3265.840   0.316E+06
    3273.368   0.318E+06
    3280.914   0.320E+06
    3288.477   0.322E+06
    3296.058   0.324E+06
    3303.656   0.326E+06
    3311.272   0.329E+06
    3318.905   0.331E+06
    3326.556   0.333E+06
    3334.225   0.335E+06
    3341.911   0.338E+06
    3349.615   0.340E+06
    3357.336   0.342E+06
    3365.076   0.345E+06
    3372.833   0.347E+06
    3380.608   0.350E+06
    3388.402   0.352E+06
    3396.213   0.354E+06
    3404.042   0.357E+06
    3411.889   0.359E+06
    3419.754   0.362E+06
    3427.637   0.364E+06
    3435.539   0.367E+06
    3443.459   0.369E+06
    3451.397   0.372E+06
    3459.353   0.375E+06
    3467.328   0.377E+06
    3475.321   0.380E+06
    3483.332   0.382E+06
    3491.362   0.385E+06
    3499.410   0.388E+06
    3507.477   0.391E+06
    3515.563   0.393E+06
    3523.667   0.396E+06
    3531.790   0.399E+06
    3539.932   0.402E+06
    3548.092   0.404E+06
    3556.271   0.407E+06
    3564.469   0.410E+06
    3572.686   0.413E+06
    3580.922   0.416E+06
    3589.177   0.419E+06
    3597.451   0.422E+06
    3605.744   0.425E+06
    3614.056   0.428E+06
    3622.387   0.431E+06
    3630.738   0.434E+06
    3639.107   0.437E+06
    3647.496   0.440E+06
    3655.905   0.443E+06
    3664.332   0.446E+06
    3672.780   0.449E+06
    3681.246   0.452E+06
    3689.732   0.455E+06
    3698.238   0.459E+06
    3706.763   0.462E+06
    3715.308   0.465E+06
    3723.873   0.468E+06
    3732.457   0.472E+06
    3741.062   0.475E+06
    3749.686   0.478E+06
    3758.330   0.482E+06
    3766.993   0.485E+06
    3775.677   0.488E+06
    3784.381   0.492E+06
    3793.105   0.495E+06
    3801.849   0.498E+06
    3810.613   0.502E+06
    3819.398   0.505E+06
    3828.202   0.509E+06
    3837.027   0.512E+06
    3845.872   0.516E+06
    3854.738   0.519E+06
    3863.624   0.523E+06
    3872.531   0.526E+06
    3881.458   0.530E+06
    3890.405   0.534E+06
    3899.374   0.537E+06
    3908.363   0.541E+06
    3917.372   0.544E+06
    3926.403   0.548E+06
    3935.454   0.552E+06
    3944.526   0.555E+06
    3953.619   0.559E+06
    3962.734   0.563E+06
    3971.869   0.567E+06
    3981.025   0.570E+06
    3990.202   0.574E+06
    3999.400   0.578E+06
    4008.620   0.582E+06
    4017.861   0.586E+06
    4027.123   0.590E+06
    4036.406   0.593E+06
    4045.711   0.597E+06
    4055.037   0.601E+06
    4064.385   0.605E+06
    4073.755   0.609E+06
    4083.146   0.613E+06
    4092.558   0.617E+06
    4101.993   0.621E+06
    4111.449   0.625E+06
    4120.927   0.629E+06
    4130.426   0.633E+06
    4139.948   0.637E+06
    4149.491   0.641E+06
    4159.057   0.645E+06
    4168.645   0.649E+06
    4178.254   0.653E+06
    4187.886   0.657E+06
    4197.540   0.661E+06
    4207.217   0.665E+06
    4216.915   0.669E+06
    4226.636   0.673E+06
    4236.380   0.678E+06
    4246.145   0.682E+06
    4255.934   0.686E+06
    4265.745   0.690E+06
    4275.578   0.694E+06
    4285.435   0.698E+06
    4295.314   0.703E+06
    4305.215   0.707E+06
    4315.140   0.711E+06
    4325.087   0.715E+06
    4335.058   0.719E+06
    4345.051   0.724E+06
    4355.067   0.728E+06
    4365.107   0.732E+06
    4375.169   0.736E+06
    4385.255   0.741E+06
    4395.364   0.745E+06
    4405.497   0.749E+06
    4415.652   0.754E+06
    4425.831   0.758E+06
    4436.034   0.762E+06
    4446.260   0.766E+06
    4456.510   0.771E+06
    4466.783   0.775E+06
    4477.080   0.779E+06
    4487.401   0.784E+06
    4497.745   0.788E+06
    4508.114   0.792E+06
    4518.506   0.797E+06
    4528.922   0.801E+06
    4539.363   0.805E+06
    4549.827   0.810E+06
    4560.315   0.814E+06
    4570.828   0.818E+06
    4581.365   0.823E+06
    4591.926   0.827E+06
    4602.511   0.831E+06
    4613.121   0.836E+06
    4623.756   0.840E+06
    4634.414   0.844E+06
    4645.098   0.849E+06
    4655.806   0.853E+06
    4666.539   0.857E+06
    4677.296   0.862E+06
    4688.078   0.866E+06
    4698.886   0.870E+06
    4709.718   0.875E+06
    4720.575   0.879E+06
    4731.457   0.884E+06
    4742.364   0.888E+06
    4753.296   0.892E+06
    4764.254   0.896E+06
    4775.236   0.901E+06
    4786.244   0.905E+06
    4797.278   0.909E+06
    4808.337   0.914E+06
    4819.421   0.918E+06
    4830.531   0.922E+06
    4841.667   0.927E+06
    4852.828   0.931E+06
    4864.015   0.935E+06
    4875.227   0.939E+06
    4886.466   0.944E+06
    4897.730   0.948E+06
    4909.021   0.952E+06
    4920.337   0.956E+06
    4931.680   0.961E+06
    4943.049   0.965E+06
    4954.443   0.969E+06
    4965.865   0.973E+06
    4977.312   0.978E+06
    4988.786   0.982E+06
    5000.286   0.986E+06
    5011.813   0.990E+06
    5023.367   0.994E+06
    5034.947   0.998E+06
    5046.553   0.100E+07
    5058.187   0.101E+07
    5069.847   0.101E+07
    5081.534   0.101E+07
    5093.249   0.102E+07
    5104.990   0.102E+07
    5116.758   0.103E+07
    5128.553   0.103E+07
    5140.376   0.104E+07
    5152.226   0.104E+07
    5164.103   0.104E+07
    5176.007   0.105E+07
    5187.939   0.105E+07
    5199.899   0.106E+07
    5211.886   0.106E+07
    5223.900   0.106E+07
    5235.943   0.107E+07
    5248.013   0.107E+07
    5260.111   0.107E+07
    5272.236   0.108E+07
    5284.390   0.108E+07
    5296.572   0.109E+07
    5308.782   0.109E+07
    5321.020   0.109E+07
    5333.286   0.110E+07
    5345.581   0.110E+07
    5357.903   0.110E+07
    5370.255   0.111E+07
    5382.634   0.111E+07
    5395.043   0.112E+07
    5407.479   0.112E+07
    5419.945   0.112E+07
    5432.439   0.113E+07
    5444.962   0.113E+07
    5457.514   0.113E+07
    5470.095   0.114E+07
    5482.705   0.114E+07
    5495.344   0.114E+07
    5508.012   0.115E+07
    5520.709   0.115E+07
    5533.436   0.116E+07
    5546.192   0.116E+07
    5558.977   0.116E+07
    5571.792   0.117E+07
    5584.636   0.117E+07
    5597.510   0.117E+07
    5610.414   0.118E+07
    5623.347   0.118E+07
    5636.310   0.118E+07
    5649.303   0.118E+07
    5662.326   0.119E+07
    5675.379   0.119E+07
    5688.462   0.119E+07
    5701.575   0.120E+07
    5714.719   0.120E+07
    5727.893   0.120E+07
    5741.097   0.121E+07
    5754.331   0.121E+07
    5767.597   0.121E+07
    5780.892   0.122E+07
    5794.219   0.122E+07
    5807.576   0.122E+07
    5820.964   0.122E+07
    5834.382   0.123E+07
    5847.832   0.123E+07
    5861.312   0.123E+07
    5874.824   0.124E+07
    5888.367   0.124E+07
    5901.941   0.124E+07
    5915.547   0.124E+07
    5929.183   0.125E+07
    5942.851   0.125E+07
    5956.551   0.125E+07
    5970.282   0.125E+07
    5984.045   0.126E+07
    5997.840   0.126E+07
    6011.666   0.126E+07
    6025.525   0.126E+07
    6039.415   0.127E+07
    6053.337   0.127E+07
    6067.292   0.127E+07
    6081.278   0.127E+07
    6095.297   0.128E+07
    6109.348   0.128E+07
    6123.432   0.128E+07
    6137.548   0.128E+07
    6151.696   0.128E+07
    6165.877   0.129E+07
    6180.091   0.129E+07
    6194.338   0.129E+07
    6208.617   0.129E+07
    6222.929   0.129E+07
    6237.275   0.130E+07
    6251.653   0.130E+07
    6266.065   0.130E+07
    6280.510   0.130E+07
    6294.988   0.130E+07
    6309.499   0.131E+07
    6324.044   0.131E+07
    6338.622   0.131E+07
    6353.234   0.131E+07
    6367.880   0.131E+07
    6382.560   0.131E+07
    6397.273   0.132E+07
    6412.020   0.132E+07
    6426.801   0.132E+07
    6441.617   0.132E+07
    6456.466   0.132E+07
    6471.350   0.132E+07
    6486.268   0.133E+07
    6501.220   0.133E+07
    6516.207   0.133E+07
    6531.229   0.133E+07
    6546.285   0.133E+07
    6561.375   0.133E+07
    6576.501   0.133E+07
    6591.661   0.133E+07
    6606.857   0.134E+07
    6622.087   0.134E+07
    6637.352   0.134E+07
    6652.653   0.134E+07
    6667.989   0.134E+07
    6683.360   0.134E+07
    6698.767   0.134E+07
    6714.209   0.134E+07
    6729.687   0.134E+07
    6745.201   0.134E+07
    6760.750   0.134E+07
    6776.335   0.135E+07
    6791.956   0.135E+07
    6807.613   0.135E+07
    6823.306   0.135E+07
    6839.036   0.135E+07
    6854.801   0.135E+07
    6870.603   0.135E+07
    6886.442   0.135E+07
    6902.317   0.135E+07
    6918.228   0.135E+07
    6934.176   0.135E+07
    6950.161   0.135E+07
    6966.183   0.135E+07
    6982.242   0.135E+07
    6998.337   0.135E+07
    7014.470   0.135E+07
    7030.640   0.135E+07
    7046.848   0.135E+07
    7063.092   0.135E+07
    7079.374   0.135E+07
    7095.694   0.135E+07
    7112.051   0.135E+07
    7128.446   0.135E+07
    7144.879   0.135E+07
    7161.350   0.135E+07
    7177.858   0.135E+07
    7194.405   0.135E+07
    7210.990   0.135E+07
    7227.613   0.135E+07
    7244.274   0.135E+07
    7260.974   0.135E+07
    7277.712   0.135E+07
    7294.489   0.135E+07
    7311.305   0.135E+07
    7328.159   0.135E+07
    7345.052   0.135E+07
    7361.984   0.135E+07
    7378.955   0.135E+07
    7395.966   0.135E+07
    7413.015   0.135E+07
    7430.104   0.135E+07
    7447.232   0.135E+07
    7464.400   0.135E+07
    7481.607   0.135E+07
    7498.854   0.135E+07
    7516.140   0.135E+07
    7533.467   0.134E+07
    7550.833   0.134E+07
    7568.240   0.134E+07
    7585.686   0.134E+07
    7603.173   0.134E+07
    7620.700   0.134E+07
    7638.268   0.134E+07
    7655.876   0.134E+07
    7673.524   0.134E+07
    7691.214   0.134E+07
    7708.944   0.134E+07
    7726.715   0.133E+07
    7744.527   0.133E+07
    7762.380   0.133E+07
    7780.274   0.133E+07
    7798.209   0.133E+07
    7816.186   0.133E+07
    7834.204   0.133E+07
    7852.264   0.133E+07
    7870.365   0.132E+07
    7888.508   0.132E+07
    7906.693   0.132E+07
    7924.920   0.132E+07
    7943.189   0.132E+07
    7961.500   0.132E+07
    7979.853   0.132E+07
    7998.248   0.131E+07
    8016.686   0.131E+07
    8035.167   0.131E+07
    8053.690   0.131E+07
    8072.255   0.131E+07
    8090.864   0.131E+07
    8109.515   0.131E+07
    8128.209   0.130E+07
    8146.947   0.130E+07
    8165.728   0.130E+07
    8184.551   0.130E+07
    8203.419   0.130E+07
    8222.330   0.129E+07
    8241.284   0.129E+07
    8260.282   0.129E+07
    8279.324   0.129E+07
    8298.410   0.129E+07
    8317.540   0.129E+07
    8336.714   0.128E+07
    8355.932   0.128E+07
    8375.194   0.128E+07
    8394.501   0.128E+07
    8413.852   0.128E+07
    8433.248   0.127E+07
    8452.689   0.127E+07
    8472.174   0.127E+07
    8491.705   0.127E+07
    8511.280   0.126E+07
    8530.901   0.126E+07
    8550.566   0.126E+07
    8570.278   0.126E+07
    8590.034   0.126E+07
    8609.836   0.125E+07
    8629.684   0.125E+07
    8649.577   0.125E+07
    8669.517   0.125E+07
    8689.502   0.124E+07
    8709.533   0.124E+07
    8729.611   0.124E+07
    8749.735   0.124E+07
    8769.905   0.123E+07
    8790.122   0.123E+07
    8810.385   0.123E+07
    8830.695   0.123E+07
    8851.052   0.122E+07
    8871.456   0.122E+07
    8891.906   0.122E+07
    8912.404   0.122E+07
    8932.950   0.121E+07
    8953.542   0.121E+07
    8974.182   0.121E+07
    8994.870   0.121E+07
    9015.605   0.120E+07
    9036.388   0.120E+07
    9057.219   0.120E+07
    9078.098   0.120E+07
    9099.026   0.119E+07
    9120.001   0.119E+07
    9141.025   0.119E+07
    9162.097   0.118E+07
    9183.218   0.118E+07
    9204.387   0.118E+07
    9225.606   0.118E+07
    9246.873   0.117E+07
    9268.189   0.117E+07
    9289.554   0.117E+07
    9310.969   0.116E+07
    9332.433   0.116E+07
    9353.947   0.116E+07
    9375.510   0.116E+07
    9397.122   0.115E+07
    9418.785   0.115E+07
    9440.498   0.115E+07
    9462.260   0.114E+07
    9484.073   0.114E+07
    9505.936   0.114E+07
    9527.849   0.113E+07
    9549.813   0.113E+07
    9571.828   0.113E+07
    9593.893   0.113E+07
    9616.010   0.112E+07
    9638.177   0.112E+07
    9660.395   0.112E+07
    9682.665   0.111E+07
    9704.985   0.111E+07
    9727.358   0.111E+07
    9749.782   0.110E+07
    9772.257   0.110E+07
    9794.785   0.110E+07
    9817.364   0.109E+07
    9839.995   0.109E+07
    9862.679   0.109E+07
    9885.415   0.108E+07
    9908.203   0.108E+07
    9931.044   0.108E+07
    9953.937   0.107E+07
    9976.883   0.107E+07
    9999.882   0.107E+07
   10022.934   0.107E+07
   10046.040   0.106E+07
   10069.198   0.106E+07
   10092.410   0.106E+07
   10115.675   0.105E+07
   10138.995   0.105E+07
   10162.367   0.105E+07
   10185.794   0.104E+07
   10209.275   0.104E+07
   10232.809   0.104E+07
   10256.399   0.103E+07
   10280.042   0.103E+07
   10303.740   0.103E+07
   10327.493   0.102E+07
   10351.300   0.102E+07
   10375.162   0.102E+07
   10399.079   0.101E+07
   10423.052   0.101E+07
   10447.079   0.101E+07
   10471.162   0.100E+07
   10495.301   0.998E+06
   10519.495   0.995E+06
   10543.745   0.991E+06
   10568.051   0.988E+06
   10592.413   0.985E+06
   10616.831   0.981E+06
   10641.305   0.978E+06
   10665.836   0.974E+06
   10690.423   0.971E+06
   10715.067   0.968E+06
   10739.768   0.964E+06
   10764.525   0.961E+06
   10789.340   0.957E+06
   10814.212   0.954E+06
   10839.142   0.950E+06
   10864.128   0.947E+06
   10889.173   0.943E+06
   10914.275   0.940E+06
   10939.435   0.937E+06
   10964.653   0.933E+06
   10989.929   0.930E+06
   11015.263   0.926E+06
   11040.656   0.923E+06
   11066.108   0.919E+06
   11091.618   0.916E+06
   11117.186   0.912E+06
   11142.814   0.909E+06
   11168.501   0.905E+06
   11194.247   0.902E+06
   11220.053   0.898E+06
   11245.917   0.895E+06
   11271.842   0.891E+06
   11297.826   0.888E+06
   11323.870   0.885E+06
   11349.975   0.881E+06
   11376.139   0.878E+06
   11402.364   0.874E+06
   11428.649   0.871E+06
   11454.995   0.867E+06
   11481.401   0.864E+06
   11507.869   0.860E+06
   11534.397   0.857E+06
   11560.986   0.853E+06
   11587.637   0.850E+06
   11614.350   0.846E+06
   11641.123   0.843E+06
   11667.959   0.840E+06
   11694.856   0.836E+06
   11721.816   0.833E+06
   11748.837   0.829E+06
   11775.921   0.826E+06
   11803.068   0.822E+06
   11830.276   0.819E+06
   11857.548   0.816E+06
   11884.882   0.812E+06
   11912.280   0.809E+06
   11939.741   0.805E+06
   11967.265   0.802E+06
   11994.852   0.798E+06
   12022.503   0.795E+06
   12050.218   0.792E+06
   12077.996   0.788E+06
   12105.839   0.785E+06
   12133.746   0.781E+06
   12161.717   0.778E+06
   12189.753   0.775E+06
   12217.853   0.771E+06
   12246.018   0.768E+06
   12274.248   0.764E+06
   12302.543   0.761E+06
   12330.903   0.758E+06
   12359.329   0.754E+06
   12387.820   0.751E+06
   12416.377   0.748E+06
   12445.000   0.744E+06
   12473.688   0.741E+06
   12502.443   0.738E+06
   12531.264   0.734E+06
   12560.152   0.731E+06
   12589.106   0.728E+06
   12618.127   0.724E+06
   12647.215   0.721E+06
   12676.370   0.718E+06
   12705.592   0.714E+06
   12734.881   0.711E+06
   12764.238   0.708E+06
   12793.663   0.705E+06
   12823.155   0.701E+06
   12852.715   0.698E+06
   12882.344   0.695E+06
   12912.041   0.691E+06
   12941.806   0.688E+06
   12971.640   0.685E+06
   13001.543   0.682E+06
   13031.515   0.678E+06
   13061.555   0.675E+06
   13091.665   0.672E+06
   13121.845   0.669E+06
   13152.094   0.666E+06
   13182.412   0.662E+06
   13212.801   0.659E+06
   13243.260   0.656E+06
   13273.789   0.653E+06
   13304.388   0.650E+06
   13335.058   0.647E+06
   13365.798   0.643E+06
   13396.609   0.640E+06
   13427.492   0.637E+06
   13458.445   0.634E+06
   13489.470   0.631E+06
   13520.567   0.628E+06
   13551.735   0.625E+06
   13582.975   0.622E+06
   13614.287   0.619E+06
   13645.671   0.615E+06
   13677.127   0.612E+06
   13708.656   0.609E+06
   13740.258   0.606E+06
   13771.933   0.603E+06
   13803.680   0.600E+06
   13835.501   0.597E+06
   13867.395   0.594E+06
   13899.363   0.591E+06
   13931.404   0.588E+06
   13963.519   0.585E+06
   13995.709   0.582E+06
   14027.972   0.579E+06
   14060.310   0.576E+06
   14092.722   0.573E+06
   14125.209   0.570E+06
   14157.771   0.567E+06
   14190.408   0.564E+06
   14223.121   0.561E+06
   14255.908   0.559E+06
   14288.772   0.556E+06
   14321.711   0.553E+06
   14354.726   0.550E+06
   14387.817   0.547E+06
   14420.984   0.544E+06
   14454.228   0.541E+06
   14487.548   0.538E+06
   14520.945   0.535E+06
   14554.420   0.533E+06
   14587.971   0.530E+06
   14621.600   0.527E+06
   14655.306   0.524E+06
   14689.090   0.521E+06
   14722.952   0.519E+06
   14756.892   0.516E+06
   14790.910   0.513E+06
   14825.007   0.510E+06
   14859.182   0.508E+06
   14893.436   0.505E+06
   14927.769   0.502E+06
   14962.181   0.499E+06
   14996.672   0.497E+06
   15031.243   0.494E+06
   15065.894   0.491E+06
   15100.624   0.489E+06
   15135.435   0.486E+06
   15170.325   0.483E+06
   15205.297   0.481E+06
   15240.348   0.478E+06
   15275.481   0.475E+06
   15310.695   0.473E+06
   15345.989   0.470E+06
   15381.366   0.467E+06
   15416.823   0.465E+06
   15452.363   0.462E+06
   15487.984   0.460E+06
   15523.688   0.457E+06
   15559.473   0.454E+06
   15595.342   0.452E+06
   15631.293   0.449E+06
   15667.327   0.447E+06
   15703.444   0.444E+06
   15739.644   0.442E+06
   15775.927   0.439E+06
   15812.295   0.437E+06
   15848.746   0.434E+06
   15885.281   0.432E+06
   15921.900   0.429E+06
   15958.604   0.427E+06
   15995.392   0.425E+06
   16032.266   0.422E+06
   16069.224   0.420E+06
   16106.267   0.417E+06
   16143.396   0.415E+06
   16180.610   0.412E+06
   16217.910   0.410E+06
   16255.297   0.408E+06
   16292.769   0.405E+06
   16330.328   0.403E+06
   16367.973   0.401E+06
   16405.705   0.398E+06
   16443.524   0.396E+06
   16481.430   0.394E+06
   16519.424   0.391E+06
   16557.505   0.389E+06
   16595.674   0.387E+06
   16633.931   0.385E+06
   16672.276   0.382E+06
   16710.710   0.380E+06
   16749.232   0.378E+06
   16787.843   0.376E+06
   16826.543   0.373E+06
   16865.332   0.371E+06
   16904.211   0.369E+06
   16943.179   0.367E+06
   16982.237   0.365E+06
   17021.385   0.362E+06
   17060.623   0.360E+06
   17099.952   0.358E+06
   17139.372   0.356E+06
   17178.882   0.354E+06
   17218.484   0.352E+06
   17258.176   0.349E+06
   17297.960   0.347E+06
   17337.836   0.345E+06
   17377.804   0.343E+06
   17417.864   0.341E+06
   17458.016   0.339E+06
   17498.261   0.337E+06
   17538.599   0.335E+06
   17579.030   0.333E+06
   17619.554   0.331E+06
   17660.171   0.329E+06
   17700.882   0.327E+06
   17741.686   0.325E+06
   17782.585   0.323E+06
   17823.578   0.321E+06
   17864.666   0.319E+06
   17905.848   0.317E+06
   17947.126   0.315E+06
   17988.498   0.313E+06
   18029.966   0.311E+06
   18071.529   0.309E+06
   18113.188   0.307E+06
   18154.943   0.305E+06
   18196.795   0.303E+06
   18238.743   0.302E+06
   18280.787   0.300E+06
   18322.929   0.298E+06
   18365.168   0.296E+06
   18407.504   0.294E+06
   18449.938   0.292E+06
   18492.469   0.290E+06
   18535.099   0.289E+06
   18577.826   0.287E+06
   18620.653   0.285E+06
   18663.578   0.283E+06
   18706.602   0.281E+06
   18749.725   0.280E+06
   18792.948   0.278E+06
   18836.270   0.276E+06
   18879.692   0.274E+06
   18923.214   0.273E+06
   18966.837   0.271E+06
   19010.560   0.269E+06
   19054.383   0.267E+06
   19098.308   0.266E+06
   19142.335   0.264E+06
   19186.462   0.262E+06
   19230.692   0.261E+06
   19275.023   0.259E+06
   19319.456   0.257E+06
   19363.992   0.256E+06
   19408.631   0.254E+06
   19453.372   0.252E+06
   19498.217   0.251E+06
   19543.165   0.249E+06
   19588.217   0.247E+06
   19633.372   0.246E+06
   19678.632   0.244E+06
   19723.996   0.243E+06
   19769.464   0.241E+06
   19815.038   0.240E+06
   19860.716   0.238E+06
   19906.500   0.236E+06
   19952.389   0.235E+06
   19998.384   0.233E+06
   20044.485   0.232E+06
   20090.692   0.230E+06
   20137.006   0.229E+06
   20183.427   0.227E+06
   20229.954   0.226E+06
   20276.589   0.224E+06
   20323.332   0.223E+06
   20370.182   0.221E+06
   20417.140   0.220E+06
   20464.206   0.218E+06
   20511.381   0.217E+06
   20558.665   0.216E+06
   20606.057   0.214E+06
   20653.559   0.213E+06
   20701.171   0.211E+06
   20748.892   0.210E+06
   20796.723   0.209E+06
   20844.664   0.207E+06
   20892.716   0.206E+06
   20940.879   0.204E+06
   20989.153   0.203E+06
   21037.537   0.202E+06
   21086.034   0.200E+06
   21134.642   0.199E+06
   21183.363   0.198E+06
   21232.195   0.196E+06
   21281.141   0.195E+06
   21330.199   0.194E+06
   21379.370   0.192E+06
   21428.655   0.191E+06
   21478.053   0.190E+06
   21527.565   0.188E+06
   21577.191   0.187E+06
   21626.931   0.186E+06
   21676.787   0.185E+06
   21726.757   0.183E+06
   21776.842   0.182E+06
   21827.043   0.181E+06
   21877.360   0.180E+06
   21927.792   0.178E+06
   21978.341   0.177E+06
   22029.006   0.176E+06
   22079.788   0.175E+06
   22130.687   0.174E+06
   22181.704   0.172E+06
   22232.838   0.171E+06
   22284.090   0.170E+06
   22335.460   0.169E+06
   22386.949   0.168E+06
   22438.556   0.167E+06
   22490.282   0.166E+06
   22542.128   0.164E+06
   22594.093   0.163E+06
   22646.177   0.162E+06
   22698.382   0.161E+06
   22750.707   0.160E+06
   22803.153   0.159E+06
   22855.720   0.158E+06
   22908.408   0.157E+06
   22961.217   0.155E+06
   23014.148   0.154E+06
   23067.201   0.153E+06
   23120.377   0.152E+06
   23173.675   0.151E+06
   23227.095   0.150E+06
   23280.639   0.149E+06
   23334.307   0.148E+06
   23388.098   0.147E+06
   23442.013   0.146E+06
   23496.053   0.145E+06
   23550.217   0.144E+06
   23604.505   0.143E+06
   23658.919   0.142E+06
   23713.459   0.141E+06
   23768.124   0.140E+06
   23822.915   0.139E+06
   23877.833   0.138E+06
   23932.877   0.137E+06
   23988.048   0.136E+06
   24043.346   0.135E+06
   24098.772   0.134E+06
   24154.325   0.133E+06
   24210.006   0.132E+06
   24265.816   0.131E+06
   24321.755   0.130E+06
   24377.822   0.129E+06
   24434.019   0.129E+06
   24490.345   0.128E+06
   24546.801   0.127E+06
   24603.387   0.126E+06
   24660.104   0.125E+06
   24716.952   0.124E+06
   24773.930   0.123E+06
   24831.040   0.122E+06
   24888.281   0.121E+06
   24945.655   0.121E+06
   25003.160   0.120E+06
   25060.799   0.119E+06
   25118.570   0.118E+06
   25176.474   0.117E+06
   25234.512   0.116E+06
   25292.683   0.115E+06
   25350.989   0.115E+06
   25409.429   0.114E+06
   25468.004   0.113E+06
   25526.714   0.112E+06
   25585.559   0.111E+06
   25644.540   0.111E+06
   25703.656   0.110E+06
   25762.909   0.109E+06
   25822.299   0.108E+06
   25881.826   0.107E+06
   25941.489   0.107E+06
   26001.291   0.106E+06
   26061.230   0.105E+06
   26121.307   0.104E+06
   26181.523   0.104E+06
   26241.878   0.103E+06
   26302.372   0.102E+06
   26363.005   0.101E+06
   26423.778   0.101E+06
   26484.691   0.999E+05
   26545.744   0.991E+05
   26606.939   0.984E+05
   26668.274   0.977E+05
   26729.751   0.970E+05
   26791.369   0.963E+05
   26853.130   0.956E+05
   26915.032   0.949E+05
   26977.078   0.942E+05
   27039.267   0.935E+05
   27101.599   0.928E+05
   27164.074   0.921E+05
   27226.694   0.915E+05
   27289.458   0.908E+05
   27352.367   0.901E+05
   27415.420   0.895E+05
   27478.619   0.888E+05
   27541.964   0.881E+05
   27605.455   0.875E+05
   27669.092   0.868E+05
   27732.876   0.862E+05
   27796.807   0.856E+05
   27860.885   0.849E+05
   27925.111   0.843E+05
   27989.485   0.837E+05
   28054.008   0.831E+05
   28118.679   0.824E+05
   28183.499   0.818E+05
   28248.469   0.812E+05
   28313.588   0.806E+05
   28378.858   0.800E+05
   28444.278   0.794E+05
   28509.848   0.788E+05
   28575.570   0.783E+05
   28641.444   0.777E+05
   28707.469   0.771E+05
   28773.647   0.765E+05
   28839.977   0.759E+05
   28906.460   0.754E+05
   28973.096   0.748E+05
   29039.886   0.743E+05
   29106.830   0.737E+05
   29173.928   0.732E+05
   29241.181   0.726E+05
   29308.589   0.721E+05
   29376.152   0.715E+05
   29443.871   0.710E+05
   29511.746   0.705E+05
   29579.778   0.699E+05
   29647.966   0.694E+05
   29716.312   0.689E+05
   29784.815   0.684E+05
   29853.476   0.678E+05
   29922.296   0.673E+05
   29991.274   0.668E+05
   30060.411   0.663E+05
   30129.707   0.658E+05
   30199.163   0.653E+05
   30268.780   0.648E+05
   30338.556   0.643E+05
   30408.494   0.639E+05
   30478.593   0.634E+05
   30548.853   0.629E+05
   30619.276   0.624E+05
   30689.860   0.619E+05
   30760.608   0.615E+05
   30831.518   0.610E+05
   30902.592   0.605E+05
   30973.830   0.601E+05
   31045.232   0.596E+05
   31116.799   0.592E+05
   31188.530   0.587E+05
   31260.427   0.583E+05
   31332.490   0.578E+05
   31404.719   0.574E+05
   31477.114   0.570E+05
   31549.677   0.565E+05
   31622.406   0.561E+05
   31695.303   0.557E+05
   31768.368   0.552E+05
   31841.602   0.548E+05
   31915.005   0.544E+05
   31988.576   0.540E+05
   32062.318   0.536E+05
   32136.229   0.532E+05
   32210.311   0.528E+05
   32284.563   0.523E+05
   32358.987   0.519E+05
   32433.582   0.515E+05
   32508.349   0.511E+05
   32583.288   0.508E+05
   32658.401   0.504E+05
   32733.686   0.500E+05
   32809.145   0.496E+05
   32884.778   0.492E+05
   32960.585   0.488E+05
   33036.567   0.485E+05
   33112.724   0.481E+05
   33189.057   0.477E+05
   33265.566   0.473E+05
   33342.251   0.470E+05
   33419.113   0.466E+05
   33496.152   0.463E+05
   33573.368   0.459E+05
   33650.763   0.455E+05
   33728.336   0.452E+05
   33806.088   0.448E+05
   33884.019   0.445E+05
   33962.129   0.441E+05
   34040.420   0.438E+05
   34118.892   0.435E+05
   34197.544   0.431E+05
   34276.377   0.428E+05
   34355.392   0.425E+05
   34434.590   0.421E+05
   34513.970   0.418E+05
   34593.533   0.415E+05
   34673.279   0.412E+05
   34753.209   0.408E+05
   34833.324   0.405E+05
   34913.623   0.402E+05
   34994.107   0.399E+05
   35074.777   0.396E+05
   35155.632   0.393E+05
   35236.674   0.390E+05
   35317.903   0.387E+05
   35399.320   0.384E+05
   35480.923   0.381E+05
   35562.715   0.378E+05
   35644.696   0.375E+05
   35726.865   0.372E+05
   35809.224   0.369E+05
   35891.773   0.366E+05
   35974.512   0.363E+05
   36057.442   0.360E+05
   36140.563   0.357E+05
   36223.876   0.355E+05
   36307.380   0.352E+05
   36391.077   0.349E+05
   36474.968   0.346E+05
   36559.051   0.344E+05
   36643.328   0.341E+05
   36727.800   0.338E+05
   36812.466   0.335E+05
   36897.328   0.333E+05
   36982.385   0.330E+05
   37067.638   0.328E+05
   37153.088   0.325E+05
   37238.735   0.322E+05
   37324.579   0.320E+05
   37410.621   0.317E+05
   37496.861   0.315E+05
   37583.300   0.312E+05
   37669.939   0.310E+05
   37756.777   0.307E+05
   37843.815   0.305E+05
   37931.054   0.303E+05
   38018.495   0.300E+05
   38106.136   0.298E+05
   38193.980   0.295E+05
   38282.026   0.293E+05
   38370.275   0.291E+05
   38458.728   0.288E+05
   38547.384   0.286E+05
   38636.245   0.284E+05
   38725.311   0.282E+05
   38814.582   0.279E+05
   38904.059   0.277E+05
   38993.742   0.275E+05
   39083.632   0.273E+05
   39173.729   0.271E+05
   39264.034   0.268E+05
   39354.547   0.266E+05
   39445.268   0.264E+05
   39536.199   0.262E+05
   39627.340   0.260E+05
   39718.690   0.258E+05
   39810.251   0.256E+05
   39902.023   0.254E+05
   39994.007   0.252E+05
   40086.203   0.250E+05
   40178.611   0.248E+05
   40271.232   0.246E+05
   40364.067   0.244E+05
   40457.116   0.242E+05
   40550.379   0.240E+05
   40643.857   0.238E+05
   40737.551   0.236E+05
   40831.461   0.234E+05
   40925.587   0.232E+05
   41019.930   0.230E+05
   41114.491   0.229E+05
   41209.270   0.227E+05
   41304.267   0.225E+05
   41399.483   0.223E+05
   41494.919   0.221E+05
   41590.574   0.220E+05
   41686.450   0.218E+05
   41782.548   0.216E+05
   41878.866   0.214E+05
   41975.407   0.213E+05
   42072.170   0.211E+05
   42169.157   0.209E+05
   42266.367   0.208E+05
   42363.801   0.206E+05
   42461.459   0.204E+05
   42559.343   0.203E+05
   42657.453   0.201E+05
   42755.788   0.199E+05
   42854.351   0.198E+05
   42953.140   0.196E+05
   43052.157   0.194E+05
   43151.403   0.193E+05
   43250.877   0.191E+05
   43350.581   0.190E+05
   43450.514   0.188E+05
   43550.678   0.187E+05
   43651.072   0.185E+05
   43751.699   0.184E+05
   43852.557   0.182E+05
   43953.647   0.181E+05
   44054.971   0.179E+05
   44156.528   0.178E+05
   44258.319   0.176E+05
   44360.345   0.175E+05
   44462.607   0.174E+05
   44565.103   0.172E+05
   44667.837   0.171E+05
   44770.807   0.169E+05
   44874.014   0.168E+05
   44977.459   0.167E+05
   45081.143   0.165E+05
   45185.066   0.164E+05
   45289.228   0.163E+05
   45393.631   0.161E+05
   45498.274   0.160E+05
   45603.158   0.159E+05
   45708.284   0.157E+05
   45813.653   0.156E+05
   45919.264   0.155E+05
   46025.119   0.154E+05
   46131.218   0.152E+05
   46237.561   0.151E+05
   46344.150   0.150E+05
   46450.984   0.149E+05
   46558.065   0.147E+05
   46665.392   0.146E+05
   46772.967   0.145E+05
   46880.790   0.144E+05
   46988.861   0.143E+05
   47097.182   0.141E+05
   47205.752   0.140E+05
   47314.572   0.139E+05
   47423.644   0.138E+05
   47532.967   0.137E+05
   47642.541   0.136E+05
   47752.369   0.135E+05
   47862.449   0.133E+05
   47972.784   0.132E+05
   48083.372   0.131E+05
   48194.216   0.130E+05
   48305.315   0.129E+05
   48416.670   0.128E+05
   48528.282   0.127E+05
   48640.152   0.126E+05
   48752.279   0.125E+05
   48864.664   0.124E+05
   48977.309   0.123E+05
   49090.213   0.122E+05
   49203.378   0.121E+05
   49316.804   0.120E+05
   49430.491   0.119E+05
   49544.440   0.118E+05
   49658.651   0.117E+05
   49773.126   0.116E+05
   49887.865   0.115E+05
   50002.869   0.114E+05
   50118.137   0.113E+05
   50233.671   0.112E+05
   50349.472   0.111E+05
   50465.540   0.110E+05
   50581.875   0.109E+05
   50698.478   0.109E+05
   50815.350   0.108E+05
   50932.491   0.107E+05
   51049.903   0.106E+05
   51167.585   0.105E+05
   51285.539   0.104E+05
   51403.764   0.103E+05
   51522.262   0.102E+05
   51641.033   0.102E+05
   51760.078   0.101E+05
   51879.397   0.999E+04
   51998.992   0.991E+04
   52118.862   0.983E+04
   52239.008   0.974E+04
   52359.431   0.966E+04
   52480.132   0.958E+04
   52601.112   0.950E+04
   52722.370   0.942E+04
   52843.907   0.935E+04
   52965.725   0.927E+04
   53087.824   0.919E+04
   53210.204   0.911E+04
   53332.866   0.904E+04
   53455.811   0.896E+04
   53579.039   0.889E+04
   53702.552   0.882E+04
   53826.349   0.874E+04
   53950.431   0.867E+04
   54074.800   0.860E+04
   54199.455   0.853E+04
   54324.398   0.845E+04
   54449.629   0.838E+04
   54575.148   0.831E+04
   54700.957   0.824E+04
   54827.056   0.818E+04
   54953.445   0.811E+04
   55080.126   0.804E+04
   55207.099   0.797E+04
   55334.364   0.791E+04
   55461.923   0.784E+04
   55589.776   0.778E+04
   55717.924   0.771E+04
   55846.367   0.765E+04
   55975.106   0.758E+04
   56104.142   0.752E+04
   56233.475   0.746E+04
   56363.107   0.739E+04
   56493.037   0.733E+04
   56623.267   0.727E+04
   56753.797   0.721E+04
   56884.628   0.715E+04
   57015.761   0.709E+04
   57147.196   0.703E+04
   57278.934   0.697E+04
   57410.975   0.691E+04
   57543.321   0.685E+04
   57675.972   0.680E+04
   57808.929   0.674E+04
   57942.192   0.668E+04
   58075.763   0.663E+04
   58209.641   0.657E+04
   58343.829   0.652E+04
   58478.325   0.646E+04
   58613.131   0.641E+04
   58748.249   0.635E+04
   58883.677   0.630E+04
   59019.418   0.625E+04
   59155.472   0.619E+04
   59291.840   0.614E+04
   59428.521   0.609E+04
   59565.518   0.604E+04
   59702.831   0.599E+04
   59840.460   0.594E+04
   59978.407   0.589E+04
   60116.671   0.584E+04
   60255.254   0.579E+04
   60394.157   0.574E+04
   60533.380   0.569E+04
   60672.924   0.564E+04
   60812.789   0.560E+04
   60952.977   0.555E+04
   61093.489   0.550E+04
   61234.324   0.546E+04
   61375.483   0.541E+04
   61516.968   0.537E+04
   61658.780   0.532E+04
   61800.918   0.528E+04
   61943.384   0.523E+04
   62086.178   0.519E+04
   62229.301   0.514E+04
   62372.755   0.510E+04
   62516.539   0.506E+04
   62660.654   0.501E+04
   62805.102   0.497E+04
   62949.883   0.493E+04
   63094.997   0.489E+04
   63240.446   0.485E+04
   63386.231   0.480E+04
   63532.351   0.476E+04
   63678.808   0.472E+04
   63825.603   0.468E+04
   63972.736   0.464E+04
   64120.209   0.460E+04
   64268.021   0.457E+04
   64416.174   0.453E+04
   64564.669   0.449E+04
   64713.506   0.445E+04
   64862.686   0.441E+04
   65012.210   0.438E+04
   65162.078   0.434E+04
   65312.292   0.430E+04
   65462.853   0.427E+04
   65613.760   0.423E+04
   65765.015   0.419E+04
   65916.619   0.416E+04
   66068.573   0.412E+04
   66220.877   0.409E+04
   66373.532   0.405E+04
   66526.538   0.402E+04
   66679.898   0.398E+04
   66833.611   0.395E+04
   66987.678   0.392E+04
   67142.101   0.388E+04
   67296.880   0.385E+04
   67452.015   0.382E+04
   67607.508   0.378E+04
   67763.359   0.375E+04
   67919.570   0.372E+04
   68076.141   0.369E+04
   68233.072   0.366E+04
   68390.366   0.363E+04
   68548.022   0.360E+04
   68706.042   0.357E+04
   68864.425   0.353E+04
   69023.174   0.350E+04
   69182.289   0.347E+04
   69341.771   0.345E+04
   69501.620   0.342E+04
   69661.838   0.339E+04
   69822.425   0.336E+04
   69983.382   0.333E+04
   70144.711   0.330E+04
   70306.411   0.327E+04
   70468.484   0.324E+04
   70630.931   0.322E+04
   70793.752   0.319E+04
   70956.948   0.316E+04
   71120.521   0.314E+04
   71284.471   0.311E+04
   71448.798   0.308E+04
   71613.505   0.306E+04
   71778.591   0.303E+04
   71944.058   0.300E+04
   72109.906   0.298E+04
   72276.136   0.295E+04
   72442.750   0.293E+04
   72609.748   0.290E+04
   72777.131   0.288E+04
   72944.899   0.285E+04
   73113.055   0.283E+04
   73281.598   0.280E+04
   73450.529   0.278E+04
   73619.850   0.276E+04
   73789.561   0.273E+04
   73959.664   0.271E+04
   74130.159   0.269E+04
   74301.046   0.266E+04
   74472.328   0.264E+04
   74644.004   0.262E+04
   74816.077   0.259E+04
   74988.545   0.257E+04
   75161.412   0.255E+04
   75334.677   0.253E+04
   75508.341   0.251E+04
   75682.406   0.249E+04
   75856.872   0.246E+04
   76031.740   0.244E+04
   76207.011   0.242E+04
   76382.687   0.240E+04
   76558.767   0.238E+04
   76735.253   0.236E+04
   76912.146   0.234E+04
   77089.447   0.232E+04
   77267.156   0.230E+04
   77445.276   0.228E+04
   77623.805   0.226E+04
   77802.747   0.224E+04
   77982.101   0.222E+04
   78161.868   0.220E+04
   78342.050   0.218E+04
   78522.647   0.216E+04
   78703.660   0.215E+04
   78885.091   0.213E+04
   79066.940   0.211E+04
   79249.208   0.209E+04
   79431.896   0.207E+04
   79615.006   0.206E+04
   79798.537   0.204E+04
   79982.492   0.202E+04
   80166.871   0.200E+04
   80351.674   0.199E+04
   80536.904   0.197E+04
   80722.561   0.195E+04
   80908.646   0.193E+04
   81095.159   0.192E+04
   81282.103   0.190E+04
   81469.478   0.188E+04
   81657.284   0.187E+04
   81845.524   0.185E+04
   82034.197   0.184E+04
   82223.305   0.182E+04
   82412.850   0.180E+04
   82602.831   0.179E+04
   82793.250   0.177E+04
   82984.108   0.176E+04
   83175.406   0.174E+04
   83367.146   0.173E+04
   83559.327   0.171E+04
   83751.951   0.170E+04
   83945.019   0.168E+04
   84138.532   0.167E+04
   84332.492   0.165E+04
   84526.898   0.164E+04
   84721.753   0.163E+04
   84917.057   0.161E+04
   85112.811   0.160E+04
   85309.016   0.158E+04
   85505.673   0.157E+04
   85702.784   0.156E+04
   85900.350   0.154E+04
   86098.371   0.153E+04
   86296.848   0.152E+04
   86495.783   0.150E+04
   86695.176   0.149E+04
   86895.029   0.148E+04
   87095.343   0.147E+04
   87296.118   0.145E+04
   87497.357   0.144E+04
   87699.059   0.143E+04
   87901.226   0.141E+04
   88103.859   0.140E+04
   88306.960   0.139E+04
   88510.528   0.138E+04
   88714.566   0.137E+04
   88919.074   0.135E+04
   89124.054   0.134E+04
   89329.506   0.133E+04
   89535.432   0.132E+04
   89741.832   0.131E+04
   89948.709   0.130E+04
   90156.062   0.129E+04
   90363.893   0.127E+04
   90572.203   0.126E+04
   90780.994   0.125E+04
   90990.266   0.124E+04
   91200.020   0.123E+04
   91410.258   0.122E+04
   91620.980   0.121E+04
   91832.188   0.120E+04
   92043.883   0.119E+04
   92256.066   0.118E+04
   92468.739   0.117E+04
   92681.901   0.116E+04
   92895.555   0.115E+04
   93109.701   0.114E+04
   93324.341   0.113E+04
   93539.476   0.112E+04
   93755.107   0.111E+04
   93971.235   0.110E+04
   94187.861   0.109E+04
   94404.986   0.108E+04
   94622.612   0.107E+04
   94840.740   0.106E+04
   95059.371   0.105E+04
   95278.505   0.104E+04
   95498.145   0.103E+04
   95718.291   0.102E+04
   95938.944   0.102E+04
   96160.106   0.101E+04
   96381.778   0.998E+03
   96603.961   0.989E+03
   96826.656   0.981E+03
   97049.865   0.972E+03
   97273.588   0.964E+03
   97497.827   0.955E+03
   97722.582   0.947E+03
   97947.856   0.939E+03
   98173.649   0.930E+03
   98399.963   0.922E+03
   98626.798   0.914E+03
   98854.157   0.906E+03
   99082.039   0.898E+03
   99310.447   0.890E+03
   99539.381   0.883E+03
   99768.843   0.875E+03
   99998.834   0.867E+03
  100229.355   0.860E+03
  100460.407   0.852E+03
  100691.993   0.845E+03
  100924.112   0.837E+03
  101156.766   0.830E+03
  101389.956   0.823E+03
  101623.684   0.816E+03
  101857.951   0.808E+03
  102092.758   0.801E+03
  102328.106   0.794E+03
  102563.997   0.787E+03
  102800.431   0.781E+03
  103037.411   0.774E+03
  103274.936   0.767E+03
  103513.010   0.760E+03
  103751.632   0.754E+03
  103990.804   0.747E+03
  104230.528   0.740E+03
  104470.804   0.734E+03
  104711.634   0.728E+03
  104953.019   0.721E+03
  105194.961   0.715E+03
  105437.460   0.709E+03
  105680.519   0.702E+03
  105924.138   0.696E+03
  106168.318   0.690E+03
  106413.061   0.684E+03
  106658.369   0.678E+03
  106904.242   0.672E+03
  107150.681   0.666E+03
  107397.689   0.660E+03
  107645.266   0.655E+03
  107893.414   0.649E+03
  108142.134   0.643E+03
  108391.428   0.638E+03
  108641.296   0.632E+03
  108891.740   0.626E+03
  109142.761   0.621E+03
  109394.361   0.616E+03
  109646.541   0.610E+03
  109899.303   0.605E+03
  110152.647   0.599E+03
  110406.575   0.594E+03
  110661.088   0.589E+03
  110916.189   0.584E+03
  111171.877   0.579E+03
  111428.154   0.574E+03
  111685.023   0.569E+03
  111942.483   0.564E+03
  112200.538   0.559E+03
  112459.187   0.554E+03
  112718.432   0.549E+03
  112978.275   0.544E+03
  113238.716   0.539E+03
  113499.759   0.535E+03
  113761.403   0.530E+03
  114023.650   0.525E+03
  114286.501   0.521E+03
  114549.959   0.516E+03
  114814.024   0.511E+03
  115078.698   0.507E+03
  115343.981   0.502E+03
  115609.877   0.498E+03
  115876.385   0.494E+03
  116143.508   0.489E+03
  116411.246   0.485E+03
  116679.602   0.481E+03
  116948.576   0.477E+03
  117218.170   0.472E+03
  117488.386   0.468E+03
  117759.225   0.464E+03
  118030.688   0.460E+03
  118302.777   0.456E+03
  118575.493   0.452E+03
  118848.838   0.448E+03
  119122.813   0.444E+03
  119397.419   0.440E+03
  119672.659   0.436E+03
  119948.532   0.432E+03
  120225.042   0.429E+03
  120502.190   0.425E+03
  120779.976   0.421E+03
  121058.403   0.417E+03
  121337.471   0.414E+03
  121617.183   0.410E+03
  121897.539   0.406E+03
  122178.542   0.403E+03
  122460.193   0.399E+03
  122742.493   0.396E+03
  123025.444   0.392E+03
  123309.047   0.389E+03
  123593.303   0.385E+03
  123878.215   0.382E+03
  124163.784   0.379E+03
  124450.011   0.375E+03
  124736.898   0.372E+03
  125024.446   0.369E+03
  125312.657   0.365E+03
  125601.533   0.362E+03
  125891.074   0.359E+03
  126181.283   0.356E+03
  126472.161   0.353E+03
  126763.710   0.350E+03
  127055.930   0.346E+03
  127348.824   0.343E+03
  127642.394   0.340E+03
  127936.640   0.337E+03
  128231.564   0.334E+03
  128527.169   0.331E+03
  128823.454   0.329E+03
  129120.423   0.326E+03
  129418.076   0.323E+03
  129716.416   0.320E+03
  130015.443   0.317E+03
  130315.160   0.314E+03
  130615.567   0.311E+03
  130916.667   0.309E+03
  131218.461   0.306E+03
  131520.951   0.303E+03
  131824.138   0.301E+03
  132128.024   0.298E+03
  132432.611   0.295E+03
  132737.900   0.293E+03
  133043.892   0.290E+03
  133350.590   0.288E+03
  133657.995   0.285E+03
  133966.108   0.282E+03
  134274.932   0.280E+03
  134584.468   0.277E+03
  134894.717   0.275E+03
  135205.681   0.273E+03
  135517.363   0.270E+03
  135829.763   0.268E+03
  136142.883   0.265E+03
  136456.724   0.263E+03
  136771.290   0.261E+03
  137086.580   0.258E+03
  137402.597   0.256E+03
  137719.343   0.254E+03
  138036.819   0.252E+03
  138355.027   0.249E+03
  138673.968   0.247E+03
  138993.644   0.245E+03
  139314.058   0.243E+03
  139635.210   0.241E+03
  139957.102   0.239E+03
  140279.737   0.236E+03
  140603.115   0.234E+03
  140927.239   0.232E+03
  141252.109   0.230E+03
  141577.729   0.228E+03
  141904.100   0.226E+03
  142231.222   0.224E+03
  142559.099   0.222E+03
  142887.732   0.220E+03
  143217.122   0.218E+03
  143547.272   0.216E+03
  143878.182   0.214E+03
  144209.856   0.212E+03
  144542.294   0.211E+03
  144875.498   0.209E+03
  145209.471   0.207E+03
  145544.213   0.205E+03
  145879.727   0.203E+03
  146216.015   0.201E+03
  146553.078   0.200E+03
  146890.917   0.198E+03
  147229.536   0.196E+03
  147568.935   0.194E+03
  147909.117   0.193E+03
  148250.082   0.191E+03
  148591.834   0.189E+03
  148934.374   0.188E+03
  149277.703   0.186E+03
  149621.824   0.184E+03
  149966.738   0.183E+03
  150312.447   0.181E+03
  150658.953   0.179E+03
  151006.257   0.178E+03
  151354.363   0.176E+03
  151703.271   0.175E+03
  152052.983   0.173E+03
  152403.501   0.172E+03
  152754.827   0.170E+03
  153106.964   0.168E+03
  153459.912   0.167E+03
  153813.673   0.165E+03
  154168.251   0.164E+03
  154523.645   0.163E+03
  154879.859   0.161E+03
  155236.894   0.160E+03
  155594.752   0.158E+03
  155953.435   0.157E+03
  156312.945   0.155E+03
  156673.283   0.154E+03
  157034.452   0.153E+03
  157396.454   0.151E+03
  157759.291   0.150E+03
  158122.963   0.149E+03
  158487.474   0.147E+03
  158852.826   0.146E+03
  159219.019   0.145E+03
  159586.057   0.143E+03
  159953.941   0.142E+03
  160322.673   0.141E+03
  160692.255   0.140E+03
  161062.689   0.138E+03
  161433.977   0.137E+03
  161806.120   0.136E+03
  162179.122   0.135E+03
  162552.984   0.134E+03
  162927.707   0.132E+03
  163303.294   0.131E+03
  163679.747   0.130E+03
  164057.068   0.129E+03
  164435.259   0.128E+03
  164814.321   0.127E+03
  165194.257   0.125E+03
  165575.069   0.124E+03
  165956.759   0.123E+03
  166339.329   0.122E+03
  166722.781   0.121E+03
  167107.117   0.120E+03
  167492.338   0.119E+03
  167878.448   0.118E+03
  168265.448   0.117E+03
  168653.340   0.116E+03
  169042.126   0.115E+03
  169431.808   0.114E+03
  169822.389   0.113E+03
  170213.870   0.112E+03
  170606.254   0.111E+03
  170999.542   0.110E+03
  171393.736   0.109E+03
  171788.840   0.108E+03
  172184.854   0.107E+03
  172581.781   0.106E+03
  172979.623   0.105E+03
  173378.382   0.104E+03
  173778.061   0.103E+03
  174178.661   0.102E+03
  174580.184   0.101E+03
  174982.633   0.100E+03
  175386.009   0.994E+02
  175790.316   0.985E+02
  176195.555   0.976E+02
  176601.727   0.967E+02
  177008.836   0.959E+02
  177416.884   0.950E+02
  177825.872   0.942E+02
  178235.803   0.933E+02
  178646.679   0.925E+02
  179058.502   0.917E+02
  179471.275   0.908E+02
  179884.999   0.900E+02
  180299.676   0.892E+02
  180715.310   0.884E+02
  181131.902   0.876E+02
  181549.454   0.869E+02
  181967.969   0.861E+02
  182387.448   0.853E+02
  182807.895   0.846E+02
  183229.311   0.838E+02
  183651.698   0.830E+02
  184075.059   0.823E+02
  184499.396   0.816E+02
  184924.711   0.808E+02
  185351.006   0.801E+02
  185778.284   0.794E+02
  186206.548   0.787E+02
  186635.798   0.780E+02
  187066.038   0.773E+02
  187497.270   0.766E+02
  187929.496   0.759E+02
  188362.718   0.752E+02
  188796.939   0.746E+02
  189232.161   0.739E+02
  189668.386   0.732E+02
  190105.617   0.726E+02
  190543.855   0.719E+02
  190983.104   0.713E+02
  191423.366   0.706E+02
  191864.642   0.700E+02
  192306.936   0.694E+02
  192750.249   0.688E+02
  193194.585   0.682E+02
  193639.944   0.675E+02
  194086.330   0.669E+02
  194533.746   0.663E+02
  194982.192   0.657E+02
  195431.673   0.652E+02
  195882.189   0.646E+02
  196333.744   0.640E+02
  196786.340   0.634E+02
  197239.980   0.629E+02
  197694.665   0.623E+02
  198150.398   0.617E+02
  198607.182   0.612E+02
  199065.019   0.606E+02
  199523.911   0.601E+02
  199983.861   0.596E+02
  200444.872   0.590E+02
  200906.945   0.585E+02
  201370.083   0.580E+02
  201834.289   0.574E+02
  202299.565   0.569E+02
  202765.914   0.564E+02
  203233.338   0.559E+02
  203701.839   0.554E+02
  204171.420   0.549E+02
  204642.084   0.544E+02
  205113.833   0.539E+02
  205586.669   0.535E+02
  206060.595   0.530E+02
  206535.614   0.525E+02
  207011.728   0.520E+02
  207488.939   0.516E+02
  207967.251   0.511E+02
  208446.665   0.506E+02
  208927.184   0.502E+02
  209408.811   0.497E+02
  209891.548   0.493E+02
  210375.398   0.489E+02
  210860.363   0.484E+02
  211346.447   0.480E+02
  211833.651   0.475E+02
  212321.978   0.471E+02
  212811.430   0.467E+02
  213302.011   0.463E+02
  213793.723   0.459E+02
  214286.569   0.455E+02
  214780.550   0.450E+02
  215275.671   0.446E+02
  215771.932   0.442E+02
  216269.338   0.438E+02
  216767.890   0.435E+02
  217267.592   0.431E+02
  217768.446   0.427E+02
  218270.454   0.423E+02
  218773.619   0.419E+02
  219277.944   0.415E+02
  219783.432   0.412E+02
  220290.086   0.408E+02
  220797.907   0.404E+02
  221306.898   0.401E+02
  221817.064   0.397E+02
  222328.405   0.393E+02
  222840.925   0.390E+02
  223354.626   0.386E+02
  223869.512   0.383E+02
  224385.584   0.380E+02
  224902.846   0.376E+02
  225421.301   0.373E+02
  225940.951   0.369E+02
  226461.799   0.366E+02
  226983.847   0.363E+02
  227507.099   0.360E+02
  228031.557   0.356E+02
  228557.224   0.353E+02
  229084.103   0.350E+02
  229612.196   0.347E+02
  230141.507   0.344E+02
  230672.038   0.341E+02
  231203.792   0.338E+02
  231736.772   0.334E+02
  232270.980   0.331E+02
  232806.420   0.329E+02
  233343.094   0.326E+02
  233881.006   0.323E+02
  234420.157   0.320E+02
  234960.551   0.317E+02
  235502.192   0.314E+02
  236045.080   0.311E+02
  236589.220   0.308E+02
  237134.615   0.306E+02
  237681.267   0.303E+02
  238229.178   0.300E+02
  238778.353   0.297E+02
  239328.794   0.295E+02
  239880.504   0.292E+02
  240433.486   0.289E+02
  240987.743   0.287E+02
  241543.277   0.284E+02
  242100.091   0.282E+02
  242658.190   0.279E+02
  243217.575   0.277E+02
  243778.249   0.274E+02
  244340.216   0.272E+02
  244903.479   0.269E+02
  245468.039   0.267E+02
  246033.902   0.264E+02
  246601.068   0.262E+02
  247169.543   0.260E+02
  247739.327   0.257E+02
  248310.425   0.255E+02
  248882.840   0.253E+02
  249456.574   0.251E+02
  250031.631   0.248E+02
  250608.014   0.246E+02
  251185.725   0.244E+02
  251764.768   0.242E+02
  252345.145   0.239E+02
  252926.861   0.237E+02
  253509.918   0.235E+02
  254094.319   0.233E+02
  254680.066   0.231E+02
  255267.165   0.229E+02
  255855.616   0.227E+02
  256445.424   0.225E+02
  257036.592   0.223E+02
  257629.123   0.221E+02
  258223.019   0.219E+02
  258818.285   0.217E+02
  259414.923   0.215E+02
  260012.936   0.213E+02
  260612.328   0.211E+02
  261213.101   0.209E+02
  261815.259   0.207E+02
  262418.806   0.205E+02
  263023.744   0.203E+02
  263630.076   0.202E+02
  264237.806   0.200E+02
  264846.937   0.198E+02
  265457.473   0.196E+02
  266069.415   0.194E+02
  266682.769   0.193E+02
  267297.536   0.191E+02
  267913.721   0.189E+02
  268531.326   0.188E+02
  269150.354   0.186E+02
  269770.810   0.184E+02
  270392.696   0.183E+02
  271016.015   0.181E+02
  271640.772   0.179E+02
  272266.969   0.178E+02
  272894.609   0.176E+02
  273523.696   0.174E+02
  274154.233   0.173E+02
  274786.224   0.171E+02
  275419.672   0.170E+02
  276054.580   0.168E+02
  276690.951   0.167E+02
  277328.790   0.165E+02
  277968.099   0.164E+02
  278608.881   0.162E+02
  279251.141   0.161E+02
  279894.881   0.159E+02
  280540.106   0.158E+02
  281186.818   0.156E+02
  281835.020   0.155E+02
  282484.717   0.154E+02
  283135.912   0.152E+02
  283788.607   0.151E+02
  284442.808   0.150E+02
  285098.516   0.148E+02
  285755.736   0.147E+02
  286414.471   0.146E+02
  287074.725   0.144E+02
  287736.500   0.143E+02
  288399.801   0.142E+02
  289064.632   0.140E+02
  289730.995   0.139E+02
  290398.893   0.138E+02
  291068.332   0.137E+02
  291739.314   0.135E+02
  292411.843   0.134E+02
  293085.921   0.133E+02
  293761.554   0.132E+02
  294438.745   0.131E+02
  295117.496   0.129E+02
  295797.812   0.128E+02
  296479.697   0.127E+02
  297163.153   0.126E+02
  297848.185   0.125E+02
  298534.796   0.124E+02
  299222.990   0.123E+02
  299912.770   0.121E+02
  300604.140   0.120E+02
  301297.104   0.119E+02
  301991.666   0.118E+02
  302687.829   0.117E+02
  303385.596   0.116E+02
  304084.972   0.115E+02
  304785.961   0.114E+02
  305488.565   0.113E+02
  306192.789   0.112E+02
  306898.636   0.111E+02
  307606.111   0.110E+02
  308315.216   0.109E+02
  309025.956   0.108E+02
  309738.334   0.107E+02
  310452.355   0.106E+02
  311168.022   0.105E+02
  311885.338   0.104E+02
  312604.308   0.103E+02
  313324.935   0.102E+02
  314047.224   0.101E+02
  314771.178   0.100E+02
  315496.800   0.994E+01
  316224.095   0.985E+01
  316953.067   0.976E+01
  317683.720   0.968E+01
  318416.056   0.959E+01
  319150.081   0.950E+01
  319885.798   0.942E+01
  320623.211   0.933E+01
  321362.324   0.925E+01
  322103.141   0.916E+01
  322845.665   0.908E+01
  323589.901   0.900E+01
  324335.853   0.892E+01
  325083.524   0.884E+01
  325832.919   0.876E+01
  326584.042   0.868E+01
  327336.896   0.860E+01
  328091.485   0.852E+01
  328847.814   0.844E+01
  329605.887   0.837E+01
  330365.707   0.829E+01
  331127.279   0.822E+01
  331890.606   0.814E+01
  332655.693   0.807E+01
  333422.543   0.800E+01
  334191.162   0.792E+01
  334961.552   0.785E+01
  335733.718   0.778E+01
  336507.664   0.771E+01
  337283.395   0.764E+01
  338060.913   0.757E+01
  338840.224   0.750E+01
  339621.332   0.744E+01
  340404.240   0.737E+01
  341188.953   0.730E+01
  341975.474   0.724E+01
  342763.809   0.717E+01
  343553.961   0.711E+01
  344345.935   0.704E+01
  345139.735   0.698E+01
  345935.364   0.691E+01
  346732.827   0.685E+01
  347532.129   0.679E+01
  348333.273   0.673E+01
  349136.265   0.667E+01
  349941.107   0.661E+01
  350747.804   0.655E+01
  351556.362   0.649E+01
  352366.783   0.643E+01
  353179.072   0.637E+01
  353993.234   0.631E+01
  354809.273   0.626E+01
  355627.193   0.620E+01
  356446.998   0.614E+01
  357268.693   0.609E+01
  358092.283   0.603E+01
  358917.771   0.598E+01
  359745.162   0.592E+01
  360574.460   0.587E+01
  361405.670   0.582E+01
  362238.796   0.576E+01
  363073.843   0.571E+01
  363910.814   0.566E+01
  364749.716   0.561E+01
  365590.551   0.556E+01
  366433.324   0.551E+01
  367278.040   0.546E+01
  368124.703   0.541E+01
  368973.318   0.536E+01
  369823.890   0.531E+01
  370676.422   0.526E+01
  371530.919   0.522E+01
  372387.387   0.517E+01
  373245.828   0.512E+01
  374106.249   0.508E+01
  374968.653   0.503E+01
  375833.045   0.498E+01
  376699.430   0.494E+01
  377567.812   0.489E+01
  378438.195   0.485E+01
  379310.585   0.481E+01
  380184.987   0.476E+01
  381061.404   0.472E+01
  381939.841   0.468E+01
  382820.303   0.463E+01
  383702.795   0.459E+01
  384587.322   0.455E+01
  385473.887   0.451E+01
  386362.496   0.447E+01
  387253.154   0.443E+01
  388145.864   0.439E+01
  389040.633   0.435E+01
  389937.464   0.431E+01
  390836.363   0.427E+01
  391737.334   0.423E+01
  392640.382   0.419E+01
  393545.511   0.415E+01
  394452.728   0.412E+01
  395362.035   0.408E+01
  396273.439   0.404E+01
  397186.943   0.401E+01
  398102.554   0.397E+01
  399020.275   0.393E+01
  399940.112   0.390E+01
  400862.069   0.386E+01
  401786.152   0.383E+01
  402712.364   0.379E+01
  403640.712   0.376E+01
  404571.200   0.372E+01
  405503.833   0.369E+01
  406438.616   0.366E+01
  407375.554   0.362E+01
  408314.652   0.359E+01
  409255.914   0.356E+01
  410199.347   0.353E+01
  411144.954   0.349E+01
  412092.741   0.346E+01
  413042.713   0.343E+01
  413994.875   0.340E+01
  414949.231   0.337E+01
  415905.788   0.334E+01
  416864.550   0.331E+01
  417825.522   0.328E+01
  418788.710   0.325E+01
  419754.117   0.322E+01
  420721.751   0.319E+01
  421691.614   0.316E+01
  422663.714   0.313E+01
  423638.055   0.310E+01
  424614.641   0.308E+01
  425593.479   0.305E+01
  426574.573   0.302E+01
  427557.929   0.299E+01
  428543.552   0.297E+01
  429531.447   0.294E+01
  430521.620   0.291E+01
  431514.074   0.289E+01
  432508.817   0.286E+01
  433505.853   0.283E+01
  434505.187   0.281E+01
  435506.825   0.278E+01
  436510.772   0.276E+01
  437517.033   0.273E+01
  438525.614   0.271E+01
  439536.520   0.268E+01
  440549.757   0.266E+01
  441565.329   0.263E+01
  442583.242   0.261E+01
  443603.502   0.259E+01
  444626.114   0.256E+01
  445651.083   0.254E+01
  446678.415   0.252E+01
  447708.115   0.249E+01
  448740.189   0.247E+01
  449774.642   0.245E+01
  450811.479   0.243E+01
  451850.707   0.240E+01
  452892.331   0.238E+01
  453936.355   0.236E+01
  454982.787   0.234E+01
  456031.631   0.232E+01
  457082.892   0.230E+01
  458136.577   0.228E+01
  459192.691   0.226E+01
  460251.239   0.224E+01
  461312.228   0.222E+01
  462375.663   0.220E+01
  463441.549   0.218E+01
  464509.892   0.216E+01
  465580.698   0.214E+01
  466653.972   0.212E+01
  467729.721   0.210E+01
  468807.949   0.208E+01
  469888.663   0.206E+01
  470971.869   0.204E+01
  472057.571   0.202E+01
  473145.776   0.200E+01
  474236.490   0.199E+01
  475329.718   0.197E+01
  476425.466   0.195E+01
  477523.740   0.193E+01
  478624.546   0.191E+01
  479727.890   0.190E+01
  480833.777   0.188E+01
  481942.213   0.186E+01
  483053.205   0.185E+01
  484166.757   0.183E+01
  485282.877   0.181E+01
  486401.570   0.180E+01
  487522.841   0.178E+01
  488646.697   0.176E+01
  489773.145   0.175E+01
  490902.188   0.173E+01
  492033.835   0.172E+01
  493168.090   0.170E+01
  494304.960   0.168E+01
  495444.451   0.167E+01
  496586.568   0.165E+01
  497731.318   0.164E+01
  498878.708   0.162E+01
  500028.742   0.161E+01
  501181.427   0.160E+01
  502336.770   0.158E+01
  503494.776   0.157E+01
  504655.451   0.155E+01
  505818.802   0.154E+01
  506984.835   0.152E+01
  508153.556   0.151E+01
  509324.971   0.150E+01
  510499.086   0.148E+01
  511675.908   0.147E+01
  512855.443   0.146E+01
  514037.697   0.144E+01
  515222.676   0.143E+01
  516410.387   0.142E+01
  517600.836   0.140E+01
  518794.029   0.139E+01
  519989.973   0.138E+01
  521188.674   0.137E+01
  522390.138   0.135E+01
  523594.372   0.134E+01
  524801.381   0.133E+01
  526011.173   0.132E+01
  527223.754   0.130E+01
  528439.131   0.129E+01
  529657.309   0.128E+01
  530878.295   0.127E+01
  532102.096   0.126E+01
  533328.718   0.125E+01
  534558.168   0.124E+01
  535790.452   0.122E+01
  537025.576   0.121E+01
  538263.548   0.120E+01
  539504.374   0.119E+01
  540748.060   0.118E+01
  541994.613   0.117E+01
  543244.040   0.116E+01
  544496.347   0.115E+01
  545751.540   0.114E+01
  547009.628   0.113E+01
  548270.615   0.112E+01
  549534.510   0.111E+01
  550801.318   0.110E+01
  552071.046   0.109E+01
  553343.701   0.108E+01
  554619.290   0.107E+01
  555897.820   0.106E+01
  557179.296   0.105E+01
  558463.727   0.104E+01
  559751.119   0.103E+01
  561041.479   0.102E+01
  562334.813   0.101E+01
  563631.129   0.100E+01
  564930.433   0.992E+00
  566232.732   0.983E+00
  567538.033   0.974E+00
  568846.344   0.965E+00
  570157.670   0.957E+00
  571472.019   0.948E+00
  572789.399   0.939E+00
  574109.815   0.931E+00
  575433.274   0.922E+00
  576759.785   0.914E+00
  578089.354   0.906E+00
  579421.987   0.897E+00
  580757.693   0.889E+00
  582096.478   0.881E+00
  583438.349   0.873E+00
  584783.313   0.865E+00
  586131.378   0.857E+00
  587482.551   0.849E+00
  588836.838   0.842E+00
  590194.247   0.834E+00
  591554.785   0.826E+00
  592918.460   0.819E+00
  594285.278   0.811E+00
  595655.247   0.804E+00
  597028.375   0.797E+00
  598404.667   0.790E+00
  599784.133   0.782E+00
  601166.778   0.775E+00
  602552.610   0.768E+00
  603941.638   0.761E+00
  605333.867   0.754E+00
  606729.306   0.747E+00
  608127.961   0.741E+00
  609529.841   0.734E+00
  610934.953   0.727E+00
  612343.303   0.721E+00
  613754.900   0.714E+00
  615169.752   0.707E+00
  616587.864   0.701E+00
  618009.246   0.695E+00
  619433.905   0.688E+00
  620861.847   0.682E+00
  622293.082   0.676E+00
  623727.616   0.670E+00
  625165.456   0.664E+00
  626606.612   0.658E+00
  628051.089   0.652E+00
  629498.897   0.646E+00
  630950.041   0.640E+00
  632404.532   0.634E+00
  633862.375   0.628E+00
  635323.578   0.622E+00
  636788.151   0.617E+00
  638256.099   0.611E+00
  639727.431   0.606E+00
  641202.155   0.600E+00
  642680.279   0.595E+00
  644161.810   0.589E+00
  645646.757   0.584E+00
  647135.126   0.579E+00
  648626.927   0.573E+00
  650122.166   0.568E+00
  651620.853   0.563E+00
  653122.994   0.558E+00
  654628.598   0.553E+00
  656137.673   0.548E+00
  657650.227   0.543E+00
  659166.267   0.538E+00
  660685.802   0.533E+00
  662208.840   0.528E+00
  663735.389   0.523E+00
  665265.458   0.518E+00
  666799.053   0.514E+00
  668336.184   0.509E+00
  669876.858   0.504E+00
  671421.083   0.500E+00
  672968.869   0.495E+00
  674520.222   0.491E+00
  676075.152   0.486E+00
  677633.667   0.482E+00
  679195.774   0.477E+00
  680761.482   0.473E+00
  682330.799   0.469E+00
  683903.734   0.465E+00
  685480.295   0.460E+00
  687060.490   0.456E+00
  688644.328   0.452E+00
  690231.818   0.448E+00
  691822.966   0.444E+00
  693417.783   0.440E+00
  695016.276   0.436E+00
  696618.454   0.432E+00
  698224.326   0.428E+00
  699833.899   0.424E+00
  701447.183   0.420E+00
  703064.186   0.416E+00
  704684.916   0.412E+00
  706309.383   0.409E+00
  707937.594   0.405E+00
  709569.559   0.401E+00
  711205.286   0.398E+00
  712844.783   0.394E+00
  714488.060   0.390E+00
  716135.126   0.387E+00
  717785.988   0.383E+00
  719440.655   0.380E+00
  721099.137   0.376E+00
  722761.443   0.373E+00
  724427.580   0.370E+00
  726097.558   0.366E+00
  727771.386   0.363E+00
  729449.072   0.360E+00
  731130.626   0.356E+00
  732816.056   0.353E+00
  734505.372   0.350E+00
  736198.582   0.347E+00
  737895.695   0.343E+00
  739596.720   0.340E+00
  741301.667   0.337E+00
  743010.544   0.334E+00
  744723.360   0.331E+00
  746440.125   0.328E+00
  748160.847   0.325E+00
  749885.536   0.322E+00
  751614.201   0.319E+00
  753346.850   0.316E+00
  755083.494   0.313E+00
  756824.142   0.311E+00
  758568.801   0.308E+00
  760317.483   0.305E+00
  762070.196   0.302E+00
  763826.949   0.299E+00
  765587.753   0.297E+00
  767352.615   0.294E+00
  769121.545   0.291E+00
  770894.554   0.289E+00
  772671.649   0.286E+00
  774452.841   0.283E+00
  776238.140   0.281E+00
  778027.553   0.278E+00
  779821.092   0.276E+00
  781618.766   0.273E+00
  783420.583   0.271E+00
  785226.554   0.268E+00
  787036.688   0.266E+00
  788850.995   0.263E+00
  790669.485   0.261E+00
  792492.166   0.259E+00
  794319.049   0.256E+00
  796150.144   0.254E+00
  797985.460   0.252E+00
  799825.006   0.249E+00
  801668.793   0.247E+00
  803516.831   0.245E+00
  805369.129   0.243E+00
  807225.696   0.240E+00
  809086.544   0.238E+00
  810951.681   0.236E+00
  812821.118   0.234E+00
  814694.864   0.232E+00
  816572.930   0.230E+00
  818455.325   0.227E+00
  820342.059   0.225E+00
  822233.143   0.223E+00
  824128.586   0.221E+00
  826028.399   0.219E+00
  827932.591   0.217E+00
  829841.173   0.215E+00
  831754.155   0.213E+00
  833671.546   0.211E+00
  835593.358   0.209E+00
  837519.599   0.208E+00
  839450.282   0.206E+00
  841385.414   0.204E+00
  843325.008   0.202E+00
  845269.073   0.200E+00
  847217.620   0.198E+00
  849170.658   0.196E+00
  851128.199   0.195E+00
  853090.252   0.193E+00
  855056.828   0.191E+00
  857027.938   0.189E+00
  859003.591   0.188E+00
  860983.799   0.186E+00
  862968.572   0.184E+00
  864957.920   0.183E+00
  866951.854   0.181E+00
  868950.385   0.179E+00
  870953.522   0.178E+00
  872961.278   0.176E+00
  874973.661   0.174E+00
  876990.684   0.173E+00
  879012.356   0.171E+00
  881038.689   0.170E+00
  883069.693   0.168E+00
  885105.379   0.167E+00
  887145.758   0.165E+00
  889190.840   0.164E+00
  891240.637   0.162E+00
  893295.159   0.161E+00
  895354.417   0.159E+00
  897418.422   0.158E+00
  899487.185   0.156E+00
  901560.718   0.155E+00
  903639.030   0.153E+00
  905722.133   0.152E+00
  907810.038   0.151E+00
  909902.757   0.149E+00
  912000.299   0.148E+00
  914102.677   0.147E+00
  916209.902   0.145E+00
  918321.984   0.144E+00
  920438.935   0.143E+00
  922560.765   0.141E+00
  924687.488   0.140E+00
  926819.113   0.139E+00
  928955.652   0.137E+00
  931097.116   0.136E+00
  933243.516   0.135E+00
  935394.865   0.134E+00
  937551.173   0.132E+00
  939712.451   0.131E+00
  941878.713   0.130E+00
  944049.967   0.129E+00
  946226.227   0.128E+00
  948407.504   0.127E+00
  950593.809   0.125E+00
  952785.155   0.124E+00
  954981.551   0.123E+00
  957183.011   0.122E+00
  959389.546   0.121E+00
  961601.167   0.120E+00
  963817.887   0.119E+00
  966039.717   0.118E+00
  968266.669   0.117E+00
  970498.754   0.115E+00
  972735.985   0.114E+00
  974978.373   0.113E+00
  977225.930   0.112E+00
  979478.669   0.111E+00
  981736.600   0.110E+00
  983999.737   0.109E+00
  986268.091   0.108E+00
  988541.674   0.107E+00
  990820.498   0.106E+00
  993104.575   0.105E+00
  995393.918   0.104E+00
  997688.538   0.103E+00
  999988.447   0.102E+00
 1002293.659   0.102E+00
 1004604.185   0.101E+00
 1006920.036   0.997E-01
 1009241.227   0.988E-01
 1011567.768   0.979E-01
 1013899.673   0.970E-01
 1016236.953   0.961E-01
 1018579.622   0.952E-01
 1020927.690   0.944E-01
 1023281.172   0.935E-01
 1025640.078   0.926E-01
 1028004.423   0.918E-01
 1030374.218   0.910E-01
 1032749.476   0.901E-01
 1035130.210   0.893E-01
 1037516.431   0.885E-01
 1039908.154   0.877E-01
 1042305.390   0.869E-01
 1044708.152   0.861E-01
 1047116.453   0.853E-01
 1049530.306   0.845E-01
 1051949.723   0.838E-01
 1054374.718   0.830E-01
 1056805.303   0.822E-01
 1059241.491   0.815E-01
 1061683.295   0.807E-01
 1064130.728   0.800E-01
 1066583.802   0.793E-01
 1069042.532   0.786E-01
 1071506.930   0.778E-01
 1073977.009   0.771E-01
 1076452.781   0.764E-01
 1078934.261   0.757E-01
 1081421.462   0.750E-01
 1083914.396   0.743E-01
 1086413.077   0.737E-01
 1088917.518   0.730E-01
 1091427.732   0.723E-01
 1093943.733   0.717E-01
 1096465.534   0.710E-01
 1098993.148   0.704E-01
 1101526.589   0.697E-01
 1104065.870   0.691E-01
 1106611.005   0.685E-01
 1109162.007   0.678E-01
 1111718.889   0.672E-01
 1114281.666   0.666E-01
 1116850.351   0.660E-01
 1119424.957   0.654E-01
 1122005.498   0.648E-01
 1124591.988   0.642E-01
 1127184.440   0.636E-01
 1129782.869   0.630E-01
 1132387.288   0.625E-01
 1134997.710   0.619E-01
 1137614.150   0.613E-01
 1140236.622   0.608E-01
 1142865.139   0.602E-01
 1145499.715   0.597E-01
 1148140.365   0.591E-01
 1150787.102   0.586E-01
 1153439.940   0.580E-01
 1156098.894   0.575E-01
 1158763.977   0.570E-01
 1161435.204   0.565E-01
 1164112.589   0.559E-01
 1166796.146   0.554E-01
 1169485.889   0.549E-01
 1172181.832   0.544E-01
 1174883.991   0.539E-01
 1177592.378   0.534E-01
 1180307.009   0.529E-01
 1183027.898   0.525E-01
 1185755.059   0.520E-01
 1188488.507   0.515E-01
 1191228.256   0.510E-01
 1193974.321   0.506E-01
 1196726.716   0.501E-01
 1199485.456   0.497E-01
 1202250.556   0.492E-01
 1205022.030   0.488E-01
 1207799.892   0.483E-01
 1210584.159   0.479E-01
 1213374.844   0.474E-01
 1216171.962   0.470E-01
 1218975.528   0.466E-01
 1221785.557   0.461E-01
 1224602.063   0.457E-01
 1227425.063   0.453E-01
 1230254.570   0.449E-01
 1233090.600   0.445E-01
 1235933.167   0.441E-01
 1238782.288   0.437E-01
 1241637.976   0.433E-01
 1244500.247   0.429E-01
 1247369.117   0.425E-01
 1250244.600   0.421E-01
 1253126.711   0.417E-01
 1256015.467   0.413E-01
 1258910.882   0.410E-01
 1261812.971   0.406E-01
 1264721.751   0.402E-01
 1267637.235   0.398E-01
 1270559.441   0.395E-01
 1273488.383   0.391E-01
 1276424.077   0.388E-01
 1279366.539   0.384E-01
 1282315.783   0.381E-01
 1285271.827   0.377E-01
 1288234.685   0.374E-01
 1291204.372   0.370E-01
 1294180.906   0.367E-01
 1297164.301   0.363E-01
 1300154.574   0.360E-01
 1303151.740   0.357E-01
 1306155.815   0.354E-01
 1309166.815   0.350E-01
 1312184.757   0.347E-01
 1315209.655   0.344E-01
 1318241.527   0.341E-01
 1321280.387   0.338E-01
 1324326.253   0.335E-01
 1327379.141   0.332E-01
 1330439.066   0.329E-01
 1333506.045   0.326E-01
 1336580.094   0.323E-01
 1339661.229   0.320E-01
 1342749.467   0.317E-01
 1345844.825   0.314E-01
 1348947.318   0.311E-01
 1352056.963   0.308E-01
 1355173.776   0.305E-01
 1358297.774   0.302E-01
 1361428.974   0.300E-01
 1364567.392   0.297E-01
 1367713.045   0.294E-01
 1370865.949   0.292E-01
 1374026.122   0.289E-01
 1377193.579   0.286E-01
 1380368.339   0.284E-01
 1383550.416   0.281E-01
 1386739.830   0.279E-01
 1389936.595   0.276E-01
 1393140.730   0.273E-01
 1396352.251   0.271E-01
 1399571.176   0.268E-01
 1402797.521   0.266E-01
 1406031.303   0.264E-01
 1409272.540   0.261E-01
 1412521.249   0.259E-01
 1415777.447   0.256E-01
 1419041.151   0.254E-01
 1422312.379   0.252E-01
 1425591.148   0.249E-01
 1428877.475   0.247E-01
 1432171.378   0.245E-01
 1435472.874   0.243E-01
 1438781.981   0.240E-01
 1442098.716   0.238E-01
 1445423.097   0.236E-01
 1448755.142   0.234E-01
 1452094.868   0.232E-01
 1455442.292   0.230E-01
 1458797.433   0.228E-01
 1462160.309   0.225E-01
 1465530.937   0.223E-01
 1468909.334   0.221E-01
 1472295.520   0.219E-01
 1475689.512   0.217E-01
 1479091.328   0.215E-01
 1482500.986   0.213E-01
 1485918.504   0.211E-01
 1489343.900   0.210E-01
 1492777.192   0.208E-01
 1496218.399   0.206E-01
 1499667.539   0.204E-01
 1503124.630   0.202E-01
 1506589.690   0.200E-01
 1510062.738   0.198E-01
 1513543.793   0.196E-01
 1517032.872   0.195E-01
 1520529.994   0.193E-01
 1524035.177   0.191E-01
 1527548.442   0.189E-01
 1531069.805   0.188E-01
 1534599.285   0.186E-01
 1538136.902   0.184E-01
 1541682.674   0.183E-01
 1545236.620   0.181E-01
 1548798.758   0.179E-01
 1552369.108   0.178E-01
 1555947.689   0.176E-01
 1559534.519   0.174E-01
 1563129.617   0.173E-01
 1566733.003   0.171E-01
 1570344.696   0.170E-01
 1573964.715   0.168E-01
 1577593.078   0.167E-01
 1581229.806   0.165E-01
 1584874.917   0.164E-01
 1588528.432   0.162E-01
 1592190.368   0.161E-01
 1595860.746   0.159E-01
 1599539.585   0.158E-01
