
 0.000000E+00
 0.000000E+00
 0.289591E+50
 0.132262E+40
 0.531847E+50
 0.264525E+40
 0.736567E+50
 0.396787E+40
 0.910212E+50
 0.529050E+40
 0.105851E+51
 0.661312E+40
 0.118632E+51
 0.793574E+40
 0.129726E+51
 0.925837E+40
 0.139410E+51
 0.105810E+41
 0.147897E+51
 0.119036E+41
 0.155343E+51
 0.132262E+41
 0.161871E+51
 0.145489E+41
 0.167607E+51
 0.158715E+41
 0.172629E+51
 0.171941E+41
 0.177011E+51
 0.185167E+41
 0.180827E+51
 0.198394E+41
 0.184146E+51
 0.211620E+41
 0.187012E+51
 0.224846E+41
 0.189469E+51
 0.238072E+41
 0.191559E+51
 0.251299E+41
 0.193324E+51
 0.264525E+41
 0.194802E+51
 0.277751E+41
 0.195991E+51
 0.290977E+41
 0.196942E+51
 0.304204E+41
 0.197687E+51
 0.317430E+41
 0.198261E+51
 0.330656E+41
 0.198685E+51
 0.343882E+41
 0.198986E+51
 0.357109E+41
 0.199182E+51
 0.370335E+41
 0.199294E+51
 0.383561E+41
 0.199338E+51
 0.396787E+41
 0.199341E+51
 0.410013E+41
 0.199341E+51
 0.423240E+41
 0.199341E+51
 0.436466E+41
 0.199341E+51
 0.449692E+41
 0.199341E+51
 0.462918E+41
 0.199341E+51
 0.476145E+41
 0.199341E+51
 0.489371E+41
 0.199341E+51
 0.502597E+41
 0.199341E+51
 0.515823E+41
 0.199341E+51
 0.529050E+41
 0.199341E+51
 0.542276E+41
 0.199341E+51
 0.555502E+41
 0.199341E+51
 0.568728E+41
 0.199341E+51
 0.581955E+41
 0.199341E+51
 0.595181E+41
 0.199341E+51
 0.608407E+41
 0.199341E+51
 0.621633E+41
 0.199341E+51
 0.634860E+41
 0.199341E+51
 0.648086E+41
 0.199341E+51
 0.661312E+41
 0.199341E+51
 0.674538E+41
 0.199341E+51
 0.687765E+41
 0.199341E+51
 0.700991E+41
 0.199341E+51
 0.714217E+41
 0.199341E+51
 0.727443E+41
 0.199341E+51
 0.740669E+41
 0.199341E+51
 0.753896E+41
 0.199341E+51
 0.767122E+41
 0.199341E+51
 0.780348E+41
 0.199341E+51
 0.793574E+41
 0.199341E+51
 0.806801E+41
 0.199341E+51
 0.820027E+41
 0.199341E+51
 0.833253E+41
 0.199341E+51
 0.846479E+41
 0.199341E+51
 0.859706E+41
 0.199341E+51
 0.872932E+41
 0.199341E+51
 0.886158E+41
 0.199341E+51
 0.899384E+41
 0.199341E+51
 0.912611E+41
 0.199341E+51
 0.925837E+41
 0.199341E+51
 0.939063E+41
 0.199341E+51
 0.952289E+41
 0.199341E+51
 0.965516E+41
 0.199341E+51
 0.978742E+41
 0.199341E+51
 0.991968E+41
 0.199341E+51
 0.100519E+42
 0.199341E+51
 0.101842E+42
 0.199341E+51
 0.103165E+42
 0.199341E+51
 0.104487E+42
 0.199341E+51
 0.105810E+42
 0.199341E+51
 0.107133E+42
 0.199341E+51
 0.108455E+42
 0.199341E+51
 0.109778E+42
 0.199341E+51
 0.111100E+42
 0.199341E+51
 0.112423E+42
 0.199341E+51
 0.113746E+42
 0.199341E+51
 0.115068E+42
 0.199341E+51
 0.116391E+42
 0.199341E+51
 0.117714E+42
 0.199341E+51
 0.119036E+42
 0.199341E+51
 0.120359E+42
 0.199341E+51
 0.121681E+42
 0.199341E+51
 0.123004E+42
 0.199341E+51
 0.124327E+42
 0.199341E+51
 0.125649E+42
 0.199341E+51
 0.126972E+42
 0.199341E+51
 0.128295E+42
 0.199341E+51
 0.129617E+42
 0.199341E+51
 0.130940E+42
 0.199341E+51
 0.132262E+42
 0.199341E+51
 0.132262E+42
