
 0.199000E+34
 0.199389E+34
 0.199714E+34
 0.199988E+34
 0.200221E+34
 0.200419E+34
 0.200590E+34
 0.200738E+34
 0.200868E+34
 0.200981E+34
 0.201081E+34
 0.201168E+34
 0.201245E+34
 0.201312E+34
 0.201370E+34
 0.201421E+34
 0.201465E+34
 0.201504E+34
 0.201536E+34
 0.201564E+34
 0.201588E+34
 0.201608E+34
 0.201623E+34
 0.201636E+34
 0.201646E+34
 0.201654E+34
 0.201659E+34
 0.201663E+34
 0.201666E+34
 0.201668E+34
 0.201668E+34
 0.201668E+34
 0.201668E+34
 0.201668E+34
 0.201668E+34
 0.201668E+34
 0.201668E+34
 0.201668E+34
 0.201668E+34
 0.201668E+34
 0.201668E+34
 0.201668E+34
 0.201668E+34
 0.201668E+34
 0.201668E+34
 0.201668E+34
 0.201668E+34
 0.201668E+34
 0.201668E+34
 0.201668E+34
 0.201668E+34
 0.201668E+34
 0.201668E+34
 0.201668E+34
 0.201668E+34
 0.201668E+34
 0.201668E+34
 0.201668E+34
 0.201668E+34
 0.201668E+34
 0.201668E+34
 0.201668E+34
 0.201668E+34
 0.201668E+34
 0.201668E+34
 0.201668E+34
 0.201668E+34
 0.201668E+34
 0.201668E+34
 0.201668E+34
 0.201668E+34
 0.201668E+34
 0.201668E+34
 0.201668E+34
 0.201668E+34
 0.201668E+34
 0.201668E+34
 0.201668E+34
 0.201668E+34
 0.201668E+34
 0.201668E+34
 0.201668E+34
 0.201668E+34
 0.201668E+34
 0.201668E+34
 0.201668E+34
 0.201668E+34
 0.201668E+34
 0.201668E+34
 0.201668E+34
 0.201668E+34
 0.201668E+34
 0.201668E+34
 0.201668E+34
 0.201668E+34
 0.201668E+34
 0.201668E+34
 0.201668E+34
 0.201668E+34
 0.201668E+34
 0.201668E+34
 0.201668E+34
