
 0.000000E+00
 0.315400E+12
 0.630800E+12
 0.946200E+12
 0.126160E+13
 0.157700E+13
 0.189240E+13
 0.220780E+13
 0.252320E+13
 0.283860E+13
 0.315400E+13
 0.346940E+13
 0.378480E+13
 0.410020E+13
 0.441560E+13
 0.473100E+13
 0.504640E+13
 0.536180E+13
 0.567720E+13
 0.599260E+13
 0.630800E+13
 0.662340E+13
 0.693880E+13
 0.725420E+13
 0.756960E+13
 0.788500E+13
 0.820040E+13
 0.851580E+13
 0.883120E+13
 0.914660E+13
 0.946200E+13
 0.977740E+13
 0.100928E+14
 0.104082E+14
 0.107236E+14
 0.110390E+14
 0.113544E+14
 0.116698E+14
 0.119852E+14
 0.123006E+14
 0.126160E+14
 0.129314E+14
 0.132468E+14
 0.135622E+14
 0.138776E+14
 0.141930E+14
 0.145084E+14
 0.148238E+14
 0.151392E+14
 0.154546E+14
 0.157700E+14
 0.160854E+14
 0.164008E+14
 0.167162E+14
 0.170316E+14
 0.173470E+14
 0.176624E+14
 0.179778E+14
 0.182932E+14
 0.186086E+14
 0.189240E+14
 0.192394E+14
 0.195548E+14
 0.198702E+14
 0.201856E+14
 0.205010E+14
 0.208164E+14
 0.211318E+14
 0.214472E+14
 0.217626E+14
 0.220780E+14
 0.223934E+14
 0.227088E+14
 0.230242E+14
 0.233396E+14
 0.236550E+14
 0.239704E+14
 0.242858E+14
 0.246012E+14
 0.249166E+14
 0.252320E+14
 0.255474E+14
 0.258628E+14
 0.261782E+14
 0.264936E+14
 0.268090E+14
 0.271244E+14
 0.274398E+14
 0.277552E+14
 0.280706E+14
 0.283860E+14
 0.287014E+14
 0.290168E+14
 0.293322E+14
 0.296476E+14
 0.299630E+14
 0.302784E+14
 0.305938E+14
 0.309092E+14
 0.312246E+14
 0.315400E+14
 0.315400E+14
